$LOG,0.000,,0,START FILE=D:\Record_files\GPS_NavIC_L1C_131224_625.bin FS=6.250 FMT=0 IQ=2,2
$TIME,0.000,2025,4,23,15,15,45.817000,UTC
$LOG,0.000,I1SD,13,SIGNAL NOT FOUND (0.0)
$LOG,0.000,I1SD,9,SIGNAL NOT FOUND (0.0)
$LOG,0.000,I1SD,8,SIGNAL NOT FOUND (0.0)
$LOG,0.000,I1SD,10,SIGNAL NOT FOUND (0.0)
$LOG,0.000,I1SD,14,SIGNAL NOT FOUND (0.0)
$LOG,0.000,I1SD,5,SIGNAL NOT FOUND (0.0)
$LOG,0.000,I1SD,3,SIGNAL NOT FOUND (0.0)
$LOG,0.000,I1SD,11,SIGNAL NOT FOUND (0.0)
$LOG,0.000,I1SD,6,SIGNAL NOT FOUND (0.0)
$LOG,0.000,I1SD,7,SIGNAL NOT FOUND (0.0)
$LOG,0.000,I1SD,4,SIGNAL NOT FOUND (0.0)
$LOG,0.000,I1SD,12,SIGNAL NOT FOUND (0.0)
$LOG,0.000,I1SD,1,SIGNAL NOT FOUND (0.0)
$TIME,1.000,2025,4,23,15,15,56.880000,UTC
$LOG,0.000,I1SD,2,SIGNAL NOT FOUND (0.0)
$TIME,2.000,2025,4,23,15,15,57.377000,UTC
$TIME,3.000,2025,4,23,15,15,57.731000,UTC
$TIME,4.000,2025,4,23,15,15,58.066000,UTC
$TIME,5.000,2025,4,23,15,15,58.417000,UTC
$TIME,6.000,2025,4,23,15,15,58.763000,UTC
$TIME,7.000,2025,4,23,15,15,59.071000,UTC
$LOG,0.010,I1SD,1,SIGNAL NOT FOUND (0.0)
$TIME,8.000,2025,4,23,15,15,59.407000,UTC
$TIME,9.000,2025,4,23,15,15,59.749000,UTC
$TIME,10.000,2025,4,23,15,16,0.099000,UTC
$TIME,11.000,2025,4,23,15,16,0.460000,UTC
$TIME,12.000,2025,4,23,15,16,0.771000,UTC
$LOG,6.990,I1SD,2,SIGNAL FOUND (38.6,495.8,3.8588800)
$CH,7.000,I1SD,2,1,38.6,3.858876947,495.778,4.958,0,0
$TIME,13.000,2025,4,23,15,16,1.098000,UTC
$CH,8.000,I1SD,2,101,38.7,3.858511299,491.854,499.654,0,0
$CH,9.000,I1SD,2,201,39.0,3.858171985,494.953,994.182,0,0
$CH,10.000,I1SD,2,301,39.4,3.857872936,494.167,1488.802,0,0
$CH,11.000,I1SD,2,401,39.8,3.857556539,494.616,1983.394,0,0
$TIME,14.000,2025,4,23,15,16,1.840000,UTC
$CH,12.000,I1SD,2,501,39.6,3.857251440,495.498,2477.957,0,0
$CH,13.000,I1SD,2,601,39.2,3.856923967,494.390,2972.515,0,0
$CH,14.000,I1SD,2,701,39.4,3.856606137,495.114,3467.037,0,0
$TIME,15.000,2025,4,23,15,16,2.546000,UTC
$CH,15.000,I1SD,2,801,39.2,3.856284228,494.780,3961.544,0,0
$TIME,16.000,2025,4,23,15,16,3.288000,UTC
$CH,16.000,I1SD,2,901,39.4,3.855963284,494.648,4456.033,0,0
$LOG,12.890,I1SD,3,SIGNAL FOUND (42.6,-59.4,0.8891200)
$CH,13.000,I1SD,3,11,42.6,0.889128649,-60.846,-6.644,0,0
$CH,14.000,I1SD,3,111,41.8,0.889201192,-61.634,-67.788,0,0
$CH,15.000,I1SD,3,211,41.8,0.889199335,-61.060,-128.715,0,0
$TIME,17.000,2025,4,23,15,16,4.008000,UTC
$CH,16.000,I1SD,3,311,41.4,0.889199223,-61.263,-189.677,0,0
$CH,17.000,I1SD,2,1001,39.8,3.855665173,493.650,4950.493,0,0
$CH,17.000,I1SD,3,411,41.6,0.889231554,-61.103,-250.629,0,0
$TIME,18.000,2025,4,23,15,16,4.913000,UTC
$CH,18.000,I1SD,3,511,42.1,0.889361535,-61.242,-311.570,0,0
$CH,18.000,I1SD,2,1101,39.6,3.855358332,494.314,5444.940,0,0
$TIME,19.000,2025,4,23,15,16,5.641000,UTC
$CH,19.000,I1SD,3,611,41.5,0.889360913,-60.944,-372.538,0,0
$CH,19.000,I1SD,2,1201,38.7,3.855043870,494.289,5939.357,0,0
$LOG,16.390,I1SD,4,SIGNAL NOT FOUND (32.4)
$TIME,20.000,2025,4,23,15,16,6.360000,UTC
$CH,20.000,I1SD,3,711,41.5,0.889359947,-61.710,-433.488,0,0
$CH,20.000,I1SD,2,1301,38.6,3.854729060,494.761,6433.752,0,0
$TIME,21.000,2025,4,23,15,16,7.010000,UTC
$CH,21.000,I1SD,2,1401,39.0,3.854414361,494.804,6928.125,0,0
$CH,21.000,I1SD,3,811,42.3,0.889385687,-60.908,-494.446,0,0
$TIME,22.000,2025,4,23,15,16,7.625000,UTC
$CH,22.000,I1SD,2,1501,39.1,3.854095713,494.310,7422.473,0,0
$CH,22.000,I1SD,3,911,42.2,0.889498635,-61.173,-555.406,0,0
$LOG,19.490,I1SD,5,SIGNAL NOT FOUND (32.3)
$TIME,23.000,2025,4,23,15,16,8.240000,UTC
$CH,23.000,I1SD,3,1011,41.9,0.889520315,-61.142,-616.371,0,0
$CH,23.000,I1SD,2,1601,39.4,3.853784719,494.139,7916.817,0,0
$TIME,24.000,2025,4,23,15,16,8.928000,UTC
$CH,24.000,I1SD,2,1701,39.2,3.853468424,493.933,8411.130,0,0
$CH,24.000,I1SD,3,1111,42.2,0.889519869,-60.918,-677.326,0,0
$TIME,25.000,2025,4,23,15,16,9.744000,UTC
$CH,25.000,I1SD,2,1801,39.8,3.853146091,493.399,8905.422,0,0
$CH,25.000,I1SD,3,1211,42.2,0.889539189,-60.362,-738.289,0,0
$LOG,22.690,I1SD,6,SIGNAL FOUND (38.5,41.2,5.5982400)
$CH,23.000,I1SD,6,31,38.5,5.598226407,37.279,11.940,0,0
$TIME,26.000,2025,4,23,15,16,10.436000,UTC
$CH,24.000,I1SD,6,131,38.0,5.598160174,37.797,50.017,0,0
$CH,26.000,I1SD,3,1311,42.3,0.889627743,-61.293,-799.259,0,0
$CH,26.000,I1SD,2,1901,39.6,3.852832793,494.527,9399.675,0,0
$CH,25.000,I1SD,6,231,37.8,5.598158448,38.819,88.005,0,0
$CH,26.000,I1SD,6,331,37.8,5.598145562,38.141,126.012,0,0
$TIME,27.000,2025,4,23,15,16,11.594000,UTC
$CH,27.000,I1SD,2,2001,39.2,3.852515216,494.097,9893.923,0,0
$CH,27.000,I1SD,6,431,38.5,5.598075113,38.393,164.012,0,0
$CH,27.000,I1SD,3,1411,42.5,0.889681202,-60.020,-860.218,0,0
$TIME,28.000,2025,4,23,15,16,12.687000,UTC
$LOG,25.730,I1SD,7,SIGNAL NOT FOUND (31.8)
$CH,28.000,I1SD,6,531,38.8,5.598001217,37.684,202.017,0,0
$CH,28.000,I1SD,2,2101,39.3,3.852206689,494.158,10388.139,0,0
$CH,28.000,I1SD,3,1511,41.9,0.889679090,-61.397,-921.176,0,0
$TIME,29.000,2025,4,23,15,16,13.652000,UTC
$CH,29.000,I1SD,3,1611,41.3,0.889687665,-60.791,-982.147,0,0
$CH,29.000,I1SD,6,631,38.6,5.598000410,37.362,240.025,0,0
$CH,29.000,I1SD,2,2201,39.9,3.851907655,493.739,10882.354,0,0
$TIME,30.000,2025,4,23,15,16,14.655000,UTC
$CH,30.000,I1SD,2,2301,39.6,3.851578395,493.499,11376.525,0,0
$CH,30.000,I1SD,6,731,38.1,5.597998814,37.666,278.013,0,0
$CH,30.000,I1SD,3,1711,41.5,0.889799752,-60.248,-1043.114,0,0
$LOG,27.990,I1SD,8,SIGNAL NOT FOUND (32.2)
$TIME,31.000,2025,4,23,15,16,15.824000,UTC
$CH,31.000,I1SD,3,1811,41.4,0.889841722,-60.477,-1104.080,0,0
$CH,31.000,I1SD,2,2401,40.0,3.851248757,494.698,11870.682,0,0
$CH,31.000,I1SD,6,831,38.1,5.597995763,38.227,316.014,0,0
$TIME,32.000,2025,4,23,15,16,16.789000,UTC
$CH,32.000,I1SD,3,1911,41.6,0.889841074,-60.752,-1165.049,0,0
$CH,32.000,I1SD,6,931,38.4,5.597969428,37.963,353.994,0,0
$CH,32.000,I1SD,2,2501,39.8,3.850943099,493.670,12364.820,0,0
$LOG,30.390,I1SD,9,SIGNAL FOUND (41.2,65.1,9.1713600)
$CH,31.000,I1SD,9,61,41.2,9.171296804,64.261,39.249,0,0
$CH,32.000,I1SD,9,161,41.3,9.171280453,64.661,103.332,0,0
$TIME,33.000,2025,4,23,15,16,17.899000,UTC
$CH,33.000,I1SD,9,261,41.7,9.171281183,63.750,167.526,0,0
$CH,33.000,I1SD,2,2601,39.8,3.850630716,494.609,12858.935,0,0
$CH,33.000,I1SD,3,2011,41.8,0.889839684,-60.454,-1226.017,0,0
$CH,33.000,I1SD,6,1031,38.5,5.597941655,37.613,392.006,0,0
$TIME,34.000,2025,4,23,15,16,19.300000,UTC
$CH,34.000,I1SD,9,361,41.6,9.171242066,64.038,231.660,0,0
$CH,34.000,I1SD,3,2111,42.3,0.889902334,-60.829,-1286.990,0,0
$CH,34.000,I1SD,6,1131,38.3,5.597852690,37.391,429.996,0,0
$CH,34.000,I1SD,2,2701,39.8,3.850330500,493.424,13353.030,0,0
$LOG,32.690,I1SD,10,SIGNAL FOUND (35.3,20.0,0.1996800)
$CH,33.000,I1SD,10,31,35.3,0.199657708,38.985,11.298,0,0
$CH,34.000,I1SD,10,131,36.0,0.199603714,37.912,50.585,0,0
$TIME,35.000,2025,4,23,15,16,20.915000,UTC
$CH,35.000,I1SD,6,1231,37.6,5.597836601,37.815,467.985,0,0
$CH,35.000,I1SD,10,231,36.0,0.199597804,39.218,89.629,0,0
$CH,35.000,I1SD,3,2211,42.1,0.889999109,-61.337,-1347.949,0,0
$CH,35.000,I1SD,9,461,41.6,9.171120092,63.981,295.772,0,0
$CH,35.000,I1SD,2,2801,39.7,3.850003982,494.695,13847.090,0,0
$TIME,36.000,2025,4,23,15,16,22.321000,UTC
$CH,36.000,I1SD,9,561,41.6,9.171121191,63.957,359.832,0,0
$CH,36.000,I1SD,2,2901,40.0,3.849691595,494.005,14341.142,0,0
$CH,36.000,I1SD,10,331,36.4,0.199592240,38.905,128.660,0,0
$CH,36.000,I1SD,3,2311,41.5,0.889999823,-60.579,-1408.929,0,0
$CH,36.000,I1SD,6,1331,37.7,5.597840688,38.021,505.984,0,0
$LOG,34.390,I1SD,11,SIGNAL NOT FOUND (32.2)
$TIME,37.000,2025,4,23,15,16,23.837000,UTC
$CH,37.000,I1SD,2,3001,39.9,3.849380890,494.105,14835.182,0,0
$CH,37.000,I1SD,9,661,41.3,9.171119389,63.803,423.849,0,0
$CH,37.000,I1SD,10,431,36.6,0.199587363,38.480,167.715,0,0
$CH,37.000,I1SD,3,2411,41.6,0.890000947,-61.274,-1469.893,0,0
$CH,37.000,I1SD,6,1431,37.6,5.597840084,37.559,543.974,0,0
$LOG,36.090,I1SD,12,SIGNAL NOT FOUND (32.2)
$TIME,38.000,2025,4,23,15,16,25.144000,UTC
$CH,38.000,I1SD,9,761,41.1,9.171072478,63.618,487.824,0,0
$CH,38.000,I1SD,3,2511,41.4,0.890086433,-60.931,-1530.874,0,0
$CH,38.000,I1SD,6,1531,37.7,5.597839804,39.032,581.954,0,0
$CH,38.000,I1SD,10,531,37.0,0.199564562,38.406,206.751,0,0
$CH,38.000,I1SD,2,3101,39.9,3.849088923,493.948,15329.173,0,0
$TIME,39.000,2025,4,23,15,16,26.285000,UTC
$CH,39.000,I1SD,9,861,41.6,9.170959766,63.989,551.769,0,0
$CH,39.000,I1SD,10,631,36.8,0.199511621,39.143,245.787,0,0
$CH,39.000,I1SD,3,2611,41.3,0.890160309,-61.111,-1591.842,0,0
$CH,39.000,I1SD,6,1631,37.7,5.597840561,37.607,619.943,0,0
$CH,39.000,I1SD,2,3201,39.2,3.848770937,494.098,15823.166,0,0
$LOG,37.890,I1SD,13,SIGNAL NOT FOUND (32.7)
$TIME,40.000,2025,4,23,15,16,27.409000,UTC
$CH,40.000,I1SD,2,3301,39.4,3.848450786,493.580,16317.131,0,0
$CH,40.000,I1SD,9,961,41.8,9.170956795,63.788,615.658,0,0
$CH,40.000,I1SD,6,1731,38.1,5.597752401,37.742,657.928,0,0
$CH,40.000,I1SD,10,731,36.2,0.199445669,38.572,284.814,0,0
$CH,40.000,I1SD,3,2711,41.5,0.890159809,-60.990,-1652.820,0,0
$TIME,41.000,2025,4,23,15,16,28.484000,UTC
$CH,41.000,I1SD,9,1061,41.8,9.170955738,63.903,679.499,0,0
$CH,41.000,I1SD,6,1831,38.2,5.597678896,37.978,695.910,0,0
$CH,41.000,I1SD,3,2811,41.2,0.890160110,-60.818,-1713.788,0,0
$CH,41.000,I1SD,2,3401,39.5,3.848139393,494.422,16811.065,0,0
$CH,41.000,I1SD,10,831,36.0,0.199437565,39.535,323.835,0,0
$LOG,39.890,I1SD,14,SIGNAL NOT FOUND (31.6)
$TIME,42.000,2025,4,23,15,16,29.679000,UTC
$CH,42.000,I1SD,10,931,36.2,0.199435409,39.071,362.870,0,0
$CH,42.000,I1SD,6,1931,37.4,5.597680605,39.078,733.876,0,0
$CH,42.000,I1SD,9,1161,42.4,9.170886640,63.946,743.318,0,0
$CH,42.000,I1SD,3,2911,41.6,0.890206744,-60.618,-1774.764,0,0
$CH,42.000,I1SD,2,3501,40.0,3.847817892,495.347,17304.985,0,0
$TIME,43.000,2025,4,23,15,16,30.967000,UTC
$CH,43.000,I1SD,6,2031,37.1,5.597679790,36.787,771.880,0,0
$CH,43.000,I1SD,2,3601,39.5,3.847509320,494.192,17798.873,0,0
$CH,43.000,I1SD,10,1031,36.4,0.199430578,38.626,401.894,0,0
$CH,43.000,I1SD,3,3011,41.9,0.890319887,-60.654,-1835.740,0,0
$CH,43.000,I1SD,9,1261,42.7,9.170798515,64.028,807.088,0,0
$LOG,41.900,I1SD,1,SIGNAL NOT FOUND (32.2)
$TIME,44.000,2025,4,23,15,16,32.310000,UTC
$CH,44.000,I1SD,10,1131,36.4,0.199394432,38.512,440.907,0,0
$CH,44.000,I1SD,3,3111,41.4,0.890319464,-60.376,-1896.726,0,0
$CH,44.000,I1SD,2,3701,39.2,3.847189332,493.826,18292.760,0,0
$CH,44.000,I1SD,6,2131,37.1,5.597678883,38.466,809.852,0,0
$CH,44.000,I1SD,9,1361,42.7,9.170794874,63.503,870.819,0,0
$TIME,45.000,2025,4,23,15,16,33.480000,UTC
$CH,45.000,I1SD,3,3211,40.9,0.890319075,-60.774,-1957.698,0,0
$CH,45.000,I1SD,9,1461,42.1,9.170797039,63.534,934.510,0,0
$CH,45.000,I1SD,2,3801,39.0,3.846883769,494.015,18786.609,0,0
$CH,45.000,I1SD,6,2231,37.6,5.597679429,38.730,847.823,0,0
$CH,45.000,I1SD,10,1231,36.9,0.199350824,38.549,479.927,0,0
$LOG,43.790,I1SD,4,SIGNAL NOT FOUND (31.7)
$TIME,46.000,2025,4,23,15,16,34.564000,UTC
$CH,46.000,I1SD,2,3901,39.4,3.846575871,493.603,19280.442,0,0
$CH,46.000,I1SD,9,1561,41.6,9.170717030,63.699,998.146,0,0
$CH,46.000,I1SD,3,3311,40.8,0.890366875,-61.034,-2018.680,0,0
$CH,46.000,I1SD,6,2331,37.1,5.597679877,38.202,885.816,0,0
$CH,46.000,I1SD,10,1331,37.0,0.199287219,39.175,518.920,0,0
$TIME,47.000,2025,4,23,15,16,35.733000,UTC
$CH,47.000,I1SD,9,1661,42.3,9.170636380,63.726,1061.752,0,0
$CH,47.000,I1SD,10,1431,36.2,0.199279436,39.027,557.942,0,0
$CH,47.000,I1SD,3,3411,41.3,0.890480295,-60.847,-2079.652,0,0
$CH,47.000,I1SD,2,4001,39.0,3.846255097,493.872,19774.255,0,0
$CH,47.000,I1SD,6,2431,37.5,5.597644996,37.922,923.789,0,0
$LOG,45.790,I1SD,5,SIGNAL NOT FOUND (32.5)
$TIME,48.000,2025,4,23,15,16,36.908000,UTC
$CH,48.000,I1SD,3,3511,40.2,0.890480230,-61.170,-2140.634,0,0
$CH,48.000,I1SD,6,2531,38.1,5.597579764,38.072,961.748,0,0
$CH,48.000,I1SD,10,1531,36.4,0.199267531,38.719,596.934,0,0
$CH,48.000,I1SD,2,4101,39.0,3.845946019,494.080,20268.036,0,0
$CH,48.000,I1SD,9,1761,42.1,9.170637618,63.339,1125.316,0,0
$TIME,49.000,2025,4,23,15,16,38.215000,UTC
$CH,49.000,I1SD,6,2631,37.9,5.597519416,37.979,999.737,0,0
$CH,49.000,I1SD,10,1631,36.5,0.199254973,38.553,635.933,0,0
$CH,49.000,I1SD,9,1861,42.0,9.170634686,64.191,1188.823,0,0
$CH,49.000,I1SD,3,3611,40.5,0.890480660,-60.730,-2201.627,0,0
$CH,49.000,I1SD,2,4201,38.7,3.845624766,494.016,20761.797,0,0
$LOG,47.690,I1SD,7,SIGNAL NOT FOUND (31.9)
$TIME,50.000,2025,4,23,15,16,39.520000,UTC
$CH,50.000,I1SD,2,4301,39.2,3.845320977,493.408,21255.549,0,0
$CH,50.000,I1SD,9,1961,42.2,9.170557081,63.989,1252.313,0,0
$CH,50.000,I1SD,10,1731,36.3,0.199275403,38.801,674.929,0,0
$CH,50.000,I1SD,3,3711,41.3,0.890529996,-60.664,-2262.607,0,0
$CH,50.000,I1SD,6,2731,37.6,5.597520488,37.717,1037.694,0,0
$TIME,51.000,2025,4,23,15,16,40.843000,UTC
$CH,51.000,I1SD,9,2061,42.4,9.170478301,62.904,1315.750,0,0
$CH,51.000,I1SD,6,2831,37.7,5.597520769,38.909,1075.676,0,0
$CH,51.000,I1SD,10,1831,36.5,0.199222273,39.604,713.910,0,0
$CH,51.000,I1SD,3,3811,41.6,0.890640159,-60.780,-2323.584,0,0
$CH,51.000,I1SD,2,4401,39.9,3.845015548,493.538,21749.273,0,0
$LOG,49.670,I1SD,8,SIGNAL NOT FOUND (32.0)
$TIME,52.000,2025,4,23,15,16,42.271000,UTC
$CH,52.000,I1SD,3,3911,41.2,0.890639905,-61.097,-2384.572,0,0
$CH,52.000,I1SD,6,2931,38.1,5.597518788,38.430,1113.645,0,0
$CH,52.000,I1SD,10,1931,36.4,0.199168753,39.749,752.901,0,0
$CH,52.000,I1SD,2,4501,39.0,3.844706687,493.907,22242.967,0,0
$CH,52.000,I1SD,9,2161,41.8,9.170477799,64.360,1379.125,0,0
$TIME,53.000,2025,4,23,15,16,43.439000,UTC
$CH,53.000,I1SD,10,2031,36.4,0.199118723,39.300,791.880,0,0
$CH,53.000,I1SD,3,4011,41.3,0.890638535,-61.062,-2445.559,0,0
$CH,53.000,I1SD,6,3031,38.5,5.597479488,37.841,1151.611,0,0
$CH,53.000,I1SD,2,4601,39.7,3.844393131,494.041,22736.651,0,0
$CH,53.000,I1SD,9,2261,41.7,9.170481189,63.376,1442.486,0,0
$LOG,51.390,I1SD,11,SIGNAL NOT FOUND (32.6)
$TIME,54.000,2025,4,23,15,16,44.627000,UTC
$CH,54.000,I1SD,3,4111,40.7,0.890665634,-60.666,-2506.553,0,0
$CH,54.000,I1SD,9,2361,41.1,9.170428906,63.029,1505.805,0,0
$CH,54.000,I1SD,10,2131,36.3,0.199114123,39.535,830.860,0,0
$CH,54.000,I1SD,2,4701,39.2,3.844052772,493.489,23230.305,0,0
$CH,54.000,I1SD,6,3131,38.4,5.597377434,37.491,1189.586,0,0
$LOG,54.620,I1SD,9,FRAME SYNC (R) TOI=3
$LOG,54.630,I1SD,3,FRAME SYNC (N) TOI=3
$LOG,54.630,I1SD,2,FRAME SYNC (N) TOI=3
$LOG,54.640,I1SD,10,FRAME SYNC (N) TOI=3
$LOG,54.630,I1SD,6,FRAME SYNC (R) TOI=3
$TIME,55.000,2025,4,23,15,16,45.878000,UTC
$IRNV1,36.109,I1SD,9,01039C9000510FF5B8140000000B1200000039A60D09801FF9A747B9A95A1240C1F85BFF5150299A7E82F7580021FEA1FCC00005F421FA3FCFE42A06BE32C3FE6800001F8000000104DDFAC50A018BFFFFFFFFFFFFFFFFFFFFFFF8003FFFFFFFFFFFFFFFFFFFFFA000000014A135E0
$LOG,55.020,PNTPOS ERROR,no observation data
$CH,55.000,I1SD,9,2461,41.0,9.170325932,63.207,1569.067,1,0
$IRNV1,36.129,I1SD,10,01039C90005100252BE800000012E200000009627DB1000A11F38F083601A6496E154BFEFB8006AF4E32FC8400C800A9FD2F60058521F9F20FE6E07E2E7243F04000001F20000001056024100A018BFFFFFFFFFFFFFFFFFFFFFFF8003FFFFFFFFFFFFFFFFFFFFFA000000014A135E0
$IRNV1,36.119,I1SD,6,01039C9000510007C66C00000004970000002E1C63E6001EEA12E7D595414321F42F7BFFDBB0043C02740E5C02000029F8E3E1FDCBC0025A4FC1B6035C1040056000001F80000001033DC4330A018BFFFFFFFFFFFFFFFFFFFFFFF8003FFFFFFFFFFFFFFFFFFFFFA000000014A135E0
$IRNV1,36.119,I1SD,2,01039C900051002199300000000DC6000000194777F8201F48DD6861D8CAE5F8FD335FFF2E0028C00AAC0189FF39FE69FFD9800519C1FB104FFF187CE1BF4008B800001F80000001012B9D140A018BFFFFFFFFFFFFFFFFFFFFFFF8003FFFFFFFFFFFFFFFFFFFFFA000000014A135E0
$CH,55.000,I1SD,10,2231,36.5,0.199120463,39.516,869.822,1,0
$IRNV1,36.119,I1SD,3,01039C9000510022839C0000000782000000160EF51F40207C1700DB2CC172C1A88A93FFB1F005B1AE50FE14021001D9F99940022861FDA94FC8187CB51E00073800001FA00000010192DDE68A018BFFFFFFFFFFFFFFFFFFFFFFF8003FFFFFFFFFFFFFFFFFFFFFA000000014A135E0
$CH,55.000,I1SD,6,3231,38.1,5.597358395,38.123,1227.543,1,0
$CH,55.000,I1SD,2,4801,39.5,3.843714766,493.647,23723.934,1,0
$CH,55.000,I1SD,3,4211,41.0,0.890800438,-60.918,-2567.536,1,0
$LOG,53.290,I1SD,12,SIGNAL NOT FOUND (32.5)
$TIME,56.000,2025,4,23,15,23,49.664000,UTC
$CH,56.000,I1SD,10,2331,36.5,0.199110934,39.009,908.804,1,0
$CH,56.000,I1SD,9,2561,41.3,9.170319941,62.755,1632.292,1,0
$CH,56.000,I1SD,3,4311,40.1,0.890800383,-60.873,-2628.525,1,0
$CH,56.000,I1SD,2,4901,39.7,3.843405037,493.480,24217.549,1,0
$CH,56.000,I1SD,6,3331,37.6,5.597359585,37.658,1265.521,1,0
$LOG,55.180,I1SD,13,SIGNAL NOT FOUND (32.4)
$LOG,56.020,PNTPOS ERROR,no observation data
$TIME,57.000,2025,4,23,15,54,6.071000,UTC
$CH,57.000,I1SD,3,4411,40.2,0.890801797,-61.226,-2689.505,1,0
$CH,57.000,I1SD,10,2431,36.8,0.199064400,39.105,947.777,1,0
$CH,57.000,I1SD,9,2661,41.2,9.170312592,63.409,1695.478,1,0
$CH,57.000,I1SD,2,5001,39.3,3.843095973,493.748,24711.136,1,0
$CH,57.000,I1SD,6,3431,37.7,5.597359538,38.127,1303.475,1,0
$LOG,57.020,PNTPOS ERROR,no observation data
$LOG,56.060,I1SD,14,SIGNAL NOT FOUND (32.0)
$TIME,58.000,2025,4,23,15,54,7.278000,UTC
$CH,58.000,I1SD,6,3531,37.1,5.597359432,38.256,1341.442,1,0
$CH,58.000,I1SD,3,4511,40.3,0.890804857,-60.899,-2750.501,1,0
$CH,58.000,I1SD,10,2531,36.8,0.199009525,38.559,986.744,1,0
$CH,58.000,I1SD,9,2761,42.0,9.170204078,63.278,1758.624,1,0
$CH,58.000,I1SD,2,5101,39.8,3.842792779,493.544,25204.708,1,0
$LOG,58.020,PNTPOS ERROR,no observation data
$TIME,59.000,2025,4,23,15,54,8.404000,UTC
$CH,59.000,I1SD,3,4611,41.5,0.890953649,-60.831,-2811.491,1,0
$CH,59.000,I1SD,10,2631,37.2,0.198959734,39.438,1025.694,1,0
$CH,59.000,I1SD,6,3631,37.5,5.597360878,37.132,1379.406,1,0
$CH,59.000,I1SD,2,5201,40.0,3.842486518,493.624,25698.255,1,0
$CH,59.000,I1SD,9,2861,42.3,9.170157042,62.668,1821.729,1,0
$LOG,59.020,PNTPOS ERROR,no observation data
$LOG,57.690,I1SD,1,SIGNAL NOT FOUND (32.4)
$TIME,60.000,2025,4,23,15,54,9.572000,UTC
$CH,60.000,I1SD,6,3731,37.5,5.597315629,38.624,1417.366,1,0
$CH,60.000,I1SD,10,2731,36.5,0.198955031,38.947,1064.674,1,0
$CH,60.000,I1SD,9,2961,41.1,9.170158968,63.930,1884.771,1,0
$CH,60.000,I1SD,2,5301,39.5,3.842168209,494.562,26191.780,1,0
$CH,60.000,I1SD,3,4711,41.5,0.890962247,-61.165,-2872.485,1,0
$LOG,60.020,PNTPOS ERROR,no observation data
$TIME,61.000,2025,4,23,15,54,10.959000,UTC
$CH,61.000,I1SD,10,2831,36.2,0.198960794,39.512,1103.630,1,0
$CH,61.000,I1SD,9,3061,41.2,9.170157764,63.537,1947.794,1,0
$CH,61.000,I1SD,3,4811,41.5,0.890959261,-61.010,-2933.476,1,0
$CH,61.000,I1SD,2,5401,39.3,3.841864140,493.592,26685.280,1,0
$CH,61.000,I1SD,6,3831,38.0,5.597222173,38.163,1455.324,1,0
$LOG,61.020,PNTPOS ERROR,no observation data
$LOG,59.590,I1SD,4,SIGNAL NOT FOUND (31.9)
$TIME,62.000,2025,4,23,15,54,12.118000,UTC
$CH,62.000,I1SD,9,3161,42.0,9.170067035,62.843,2010.782,1,0
$CH,62.000,I1SD,6,3931,37.7,5.597201239,37.665,1493.288,1,0
$CH,62.000,I1SD,10,2931,36.2,0.198956580,39.082,1142.559,1,0
$CH,62.000,I1SD,2,5501,39.9,3.841549537,493.481,27178.766,1,0
$CH,62.000,I1SD,3,4911,41.8,0.890975649,-61.157,-2994.465,1,0
$LOG,62.020,PNTPOS ERROR,no observation data
$TIME,63.000,2025,4,23,15,54,13.321000,UTC
$CH,63.000,I1SD,9,3261,43.0,9.169997910,63.082,2073.710,1,0
$CH,63.000,I1SD,2,5601,40.1,3.841235726,493.200,27672.223,1,0
$CH,63.000,I1SD,6,4031,37.8,5.597199264,38.054,1531.227,1,0
$CH,63.000,I1SD,10,3031,36.7,0.198939817,38.740,1181.520,1,0
$CH,63.000,I1SD,3,5011,41.7,0.891120557,-61.313,-3055.462,1,0
$LOG,63.020,PNTPOS ERROR,no observation data
$LOG,61.390,I1SD,5,SIGNAL NOT FOUND (32.1)
$TIME,64.000,2025,4,23,15,54,14.648000,UTC
$CH,64.000,I1SD,9,3361,41.7,9.170000366,62.558,2136.607,1,0
$CH,64.000,I1SD,2,5701,40.2,3.840924593,492.836,28165.652,1,0
$CH,64.000,I1SD,6,4131,38.0,5.597201460,38.271,1569.193,1,0
$CH,64.000,I1SD,3,5111,41.1,0.891119477,-61.216,-3116.455,1,0
$CH,64.000,I1SD,10,3131,37.1,0.198885819,39.827,1220.448,1,0
$LOG,64.020,PNTPOS ERROR,no observation data
$TIME,65.000,2025,4,23,15,54,16.035000,UTC
$LOG,63.290,I1SD,7,SIGNAL NOT FOUND (32.6)
$CH,65.000,I1SD,6,4231,38.2,5.597199939,37.285,1607.149,1,0
$CH,65.000,I1SD,9,3461,42.0,9.170001909,63.374,2199.450,1,0
$CH,65.000,I1SD,2,5801,39.6,3.840616323,492.831,28659.076,1,0
$CH,65.000,I1SD,3,5211,41.3,0.891119809,-61.027,-3177.459,1,0
$CH,65.000,I1SD,10,3231,37.6,0.198837328,39.449,1259.385,1,0
$LOG,65.020,PNTPOS ERROR,no observation data
$TIME,66.000,2025,4,23,15,54,17.600000,UTC
$CH,66.000,I1SD,9,3561,41.6,9.169910844,62.370,2262.266,1,0
$CH,66.000,I1SD,3,5311,41.1,0.891118565,-61.546,-3238.458,1,0
$CH,66.000,I1SD,10,3331,36.9,0.198799749,39.189,1298.331,1,0
$CH,66.000,I1SD,6,4331,38.6,5.597168005,37.216,1645.088,1,0
$CH,66.000,I1SD,2,5901,39.0,3.840297139,493.906,29152.455,1,0
$LOG,66.020,PNTPOS ERROR,no observation data
$LOG,64.990,I1SD,8,SIGNAL NOT FOUND (31.8)
$TIME,67.000,2025,4,23,15,54,19.682000,UTC
$CH,67.000,I1SD,3,5411,41.8,0.891206084,-61.596,-3299.444,1,0
$CH,67.000,I1SD,2,6001,39.4,3.839972793,493.024,29645.833,1,0
$CH,67.000,I1SD,6,4431,38.0,5.597067057,37.494,1683.043,1,0
$CH,67.000,I1SD,10,3431,36.1,0.198797171,38.154,1337.255,1,0
$CH,67.000,I1SD,9,3661,41.4,9.169839167,63.373,2325.033,1,0
$LOG,67.020,PNTPOS ERROR,no observation data
$TIME,68.000,2025,4,23,15,54,21.204000,UTC
$LOG,66.490,I1SD,11,SIGNAL NOT FOUND (32.0)
$CH,68.000,I1SD,3,5511,41.9,0.891279770,-61.719,-3360.438,1,0
$CH,68.000,I1SD,9,3761,41.1,9.169840014,62.332,2387.756,1,0
$CH,68.000,I1SD,6,4531,37.7,5.597040462,36.127,1721.005,1,0
$CH,68.000,I1SD,2,6101,39.3,3.839673923,493.982,30139.182,1,0
$CH,68.000,I1SD,10,3531,36.1,0.198793308,37.052,1376.204,1,0
$LOG,68.020,PNTPOS ERROR,no observation data
$TIME,69.000,2025,4,23,15,54,22.591000,UTC
$CH,69.000,I1SD,3,5611,41.4,0.891279744,-61.013,-3421.443,1,0
$CH,69.000,I1SD,10,3631,36.6,0.198801581,37.148,1415.103,1,0
$CH,69.000,I1SD,9,3861,41.3,9.169842109,62.966,2450.445,1,0
$CH,69.000,I1SD,2,6201,39.6,3.839351825,492.702,30632.513,1,0
$CH,69.000,I1SD,6,4631,37.3,5.597040352,38.624,1758.927,1,0
$LOG,69.020,PNTPOS ERROR,no observation data
$LOG,67.990,I1SD,12,SIGNAL NOT FOUND (31.6)
$TIME,70.000,2025,4,23,15,54,23.853000,UTC
$CH,70.000,I1SD,2,6301,39.6,3.839048243,492.678,31125.831,1,0
$CH,70.000,I1SD,6,4731,37.5,5.597042069,37.688,1796.885,1,0
$CH,70.000,I1SD,9,3961,40.8,9.169781138,62.811,2513.083,1,0
$CH,70.000,I1SD,10,3731,37.0,0.198753363,38.909,1454.020,1,0
$CH,70.000,I1SD,3,5711,41.4,0.891280361,-60.587,-3482.451,1,0
$LOG,70.020,PNTPOS ERROR,no observation data
$TIME,71.000,2025,4,23,15,54,25.247000,UTC
$CH,71.000,I1SD,2,6401,40.0,3.838737180,493.337,31619.102,1,0
$CH,71.000,I1SD,10,3831,37.5,0.198668403,38.093,1492.955,1,0
$CH,71.000,I1SD,6,4831,37.9,5.597040492,37.970,1834.833,1,0
$CH,71.000,I1SD,9,4061,41.4,9.169677313,62.652,2575.681,1,0
$CH,71.000,I1SD,3,5811,41.0,0.891347900,-60.914,-3543.448,1,0
$LOG,71.020,PNTPOS ERROR,no observation data
$LOG,69.790,I1SD,13,SIGNAL NOT FOUND (31.7)
$TIME,72.000,2025,4,23,15,54,26.377000,UTC
$CH,72.000,I1SD,10,3931,37.1,0.198631929,38.357,1531.864,1,0
$CH,72.000,I1SD,3,5911,41.6,0.891441645,-60.272,-3604.446,1,0
$CH,72.000,I1SD,6,4931,38.1,5.597038193,38.563,1872.772,1,0
$CH,72.000,I1SD,2,6501,40.0,3.838423457,493.038,32112.366,1,0
$CH,72.000,I1SD,9,4161,40.9,9.169679311,62.521,2638.236,1,0
$LOG,72.020,PNTPOS ERROR,no observation data
$TIME,73.000,2025,4,23,15,54,27.483000,UTC
$CH,73.000,I1SD,3,6011,41.0,0.891439716,-61.359,-3665.451,1,0
$CH,73.000,I1SD,6,5031,38.2,5.597019878,38.012,1910.721,1,0
$CH,73.000,I1SD,9,4261,41.4,9.169681519,62.795,2700.759,1,0
$CH,73.000,I1SD,2,6601,39.7,3.838110915,492.864,32605.599,1,0
$CH,73.000,I1SD,10,4031,36.4,0.198640106,37.683,1570.790,1,0
$LOG,73.020,PNTPOS ERROR,no observation data
$LOG,71.690,I1SD,14,SIGNAL NOT FOUND (31.9)
$TIME,74.000,2025,4,23,15,54,28.825000,UTC
$CH,74.000,I1SD,2,6701,39.4,3.837804355,493.388,33098.819,1,0
$CH,74.000,I1SD,3,6111,41.1,0.891439925,-61.038,-3726.446,1,0
$CH,74.000,I1SD,9,4361,41.7,9.169627875,62.257,2763.227,1,0
$CH,74.000,I1SD,6,5131,38.1,5.596935939,37.852,1948.654,1,0
$CH,74.000,I1SD,10,4131,36.1,0.198638801,38.706,1609.680,1,0
$LOG,74.020,PNTPOS ERROR,no observation data
$TIME,75.000,2025,4,23,15,54,29.951000,UTC
$CH,75.000,I1SD,9,4461,42.1,9.169516540,62.112,2825.661,1,0
$CH,75.000,I1SD,3,6211,40.9,0.891497421,-61.191,-3787.453,1,0
$CH,75.000,I1SD,2,6801,39.2,3.837488572,493.540,33592.003,1,0
$CH,75.000,I1SD,10,4231,35.8,0.198639160,38.143,1648.584,1,0
$CH,75.000,I1SD,6,5231,38.4,5.596880441,38.389,1986.589,1,0
$LOG,75.020,PNTPOS ERROR,no observation data
$LOG,73.690,I1SD,1,SIGNAL NOT FOUND (32.9)
$TIME,76.000,2025,4,23,15,54,31.078000,UTC
$CH,76.000,I1SD,3,6311,40.9,0.891601493,-61.336,-3848.459,1,0
$CH,76.000,I1SD,2,6901,39.5,3.837171194,493.236,34085.178,1,0
$CH,76.000,I1SD,6,5331,37.7,5.596880248,37.104,2024.538,1,0
$CH,76.000,I1SD,9,4561,41.2,9.169518027,62.297,2888.052,1,0
$CH,76.000,I1SD,10,4331,36.1,0.198640148,37.201,1687.453,1,0
$LOG,76.020,PNTPOS ERROR,no observation data
$TIME,77.000,2025,4,23,15,54,32.266000,UTC
$CH,77.000,I1SD,10,4431,36.6,0.198575639,37.981,1726.371,1,0
$CH,77.000,I1SD,2,7001,39.3,3.836856260,493.542,34578.324,1,0
$CH,77.000,I1SD,3,6411,40.5,0.891598049,-60.910,-3909.469,1,0
$CH,77.000,I1SD,9,4661,41.4,9.169523846,62.735,2950.392,1,0
$CH,77.000,I1SD,6,5431,37.7,5.596882367,37.777,2062.483,1,0
$LOG,77.020,PNTPOS ERROR,no observation data
$LOG,75.490,I1SD,4,SIGNAL NOT FOUND (31.6)
$TIME,78.000,2025,4,23,15,54,33.388000,UTC
$CH,78.000,I1SD,3,6511,40.6,0.891599801,-60.677,-3970.475,1,0
$CH,78.000,I1SD,9,4761,42.1,9.169418515,62.702,3012.707,1,0
$CH,78.000,I1SD,10,4531,37.2,0.198512739,39.040,1765.269,1,0
$CH,78.000,I1SD,2,7101,39.3,3.836541778,492.828,35071.466,1,0
$CH,78.000,I1SD,6,5531,37.3,5.596877756,37.612,2100.419,1,0
$LOG,78.020,PNTPOS ERROR,no observation data
$TIME,79.000,2025,4,23,15,54,34.573000,UTC
$CH,79.000,I1SD,2,7201,39.3,3.836211589,494.005,35564.570,1,0
$CH,79.000,I1SD,9,4861,42.1,9.169359124,62.414,3074.967,1,0
$CH,79.000,I1SD,6,5631,37.5,5.596852201,37.629,2138.347,1,0
$CH,79.000,I1SD,10,4631,36.2,0.198478392,39.440,1804.152,1,0
$CH,79.000,I1SD,3,6611,40.9,0.891624852,-61.133,-4031.486,1,0
$LOG,79.020,PNTPOS ERROR,no observation data
$LOG,77.400,I1SD,5,SIGNAL NOT FOUND (32.3)
$TIME,80.000,2025,4,23,15,54,35.657000,UTC
$CH,80.000,I1SD,10,4731,35.6,0.198475813,39.679,1843.018,1,0
$CH,80.000,I1SD,3,6711,41.9,0.891760349,-61.258,-4092.487,1,0
$CH,80.000,I1SD,9,4961,41.2,9.169355271,62.250,3137.200,1,0
$CH,80.000,I1SD,2,7301,39.3,3.835930876,492.513,36057.650,1,0
$CH,80.000,I1SD,6,5731,38.4,5.596801129,37.188,2176.280,1,0
$LOG,80.020,PNTPOS ERROR,no observation data
$TIME,81.000,2025,4,23,15,54,36.804000,UTC
$CH,81.000,I1SD,3,6811,41.6,0.891761082,-61.069,-4153.502,1,0
$CH,81.000,I1SD,9,5061,41.4,9.169360378,62.075,3199.379,1,0
$CH,81.000,I1SD,10,4831,35.3,0.198479726,39.234,1881.898,1,0
$CH,81.000,I1SD,6,5831,38.1,5.596719359,38.150,2214.205,1,0
$CH,81.000,I1SD,2,7401,39.7,3.835627021,493.786,36550.715,1,0
$LOG,79.290,I1SD,7,SIGNAL NOT FOUND (32.2)
$LOG,81.020,PNTPOS ERROR,no observation data
$TIME,82.000,2025,4,23,15,54,38.159000,UTC
$CH,82.000,I1SD,10,4931,35.4,0.198462349,39.036,1920.771,1,0
$CH,82.000,I1SD,3,6911,41.8,0.891760693,-61.008,-4214.508,1,0
$CH,82.000,I1SD,9,5161,41.5,9.169331300,62.048,3261.516,1,0
$CH,82.000,I1SD,6,5931,38.1,5.596720790,38.502,2252.141,1,0
$CH,82.000,I1SD,2,7501,39.2,3.835271325,493.280,37043.755,1,0
$LOG,82.020,PNTPOS ERROR,no observation data
$TIME,83.000,2025,4,23,15,54,39.306000,UTC
$CH,83.000,I1SD,10,5031,35.8,0.198440658,39.400,1959.652,1,0
$CH,83.000,I1SD,6,6031,37.6,5.596720794,38.950,2290.076,1,0
$CH,83.000,I1SD,9,5261,41.4,9.169201541,61.773,3323.611,1,0
$CH,83.000,I1SD,2,7601,38.9,3.834955108,493.223,37536.780,1,0
$CH,83.000,I1SD,3,7011,40.9,0.891795332,-61.177,-4275.517,1,0
$LOG,81.140,I1SD,8,SIGNAL NOT FOUND (31.9)
$LOG,83.020,PNTPOS ERROR,no observation data
$TIME,84.000,2025,4,23,15,54,40.443000,UTC
$CH,84.000,I1SD,6,6131,37.5,5.596720871,37.498,2327.994,1,0
$CH,84.000,I1SD,3,7111,41.5,0.891898140,-60.819,-4336.540,1,0
$CH,84.000,I1SD,9,5361,41.2,9.169200026,62.396,3385.669,1,0
$CH,84.000,I1SD,10,5131,36.2,0.198399387,38.631,1998.527,1,0
$CH,84.000,I1SD,2,7701,39.4,3.834638220,492.811,38029.776,1,0
$LOG,84.020,PNTPOS ERROR,no observation data
$TIME,85.000,2025,4,23,15,54,41.576000,UTC
$LOG,83.090,I1SD,11,SIGNAL NOT FOUND (31.8)
$CH,85.000,I1SD,6,6231,37.9,5.596719851,38.513,2365.927,1,0
$CH,85.000,I1SD,9,5461,41.0,9.169200854,62.295,3447.689,1,0
$CH,85.000,I1SD,3,7211,41.3,0.891920319,-61.135,-4397.549,1,0
$CH,85.000,I1SD,10,5231,35.9,0.198334249,40.083,2037.382,1,0
$CH,85.000,I1SD,2,7801,39.3,3.834344794,492.801,38522.752,1,0
$LOG,85.020,PNTPOS ERROR,no observation data
$TIME,86.000,2025,4,23,15,54,42.761000,UTC
$CH,86.000,I1SD,2,7901,38.7,3.834053977,492.857,39015.696,1,0
$CH,86.000,I1SD,3,7311,41.1,0.891920607,-61.330,-4458.563,1,0
$CH,86.000,I1SD,6,6331,38.3,5.596696928,37.944,2403.858,1,0
$CH,86.000,I1SD,9,5561,41.2,9.169138127,61.466,3509.658,1,0
$CH,86.000,I1SD,10,5331,35.7,0.198311150,38.069,2076.253,1,0
$LOG,86.020,PNTPOS ERROR,no observation data
$LOG,84.990,I1SD,12,SIGNAL NOT FOUND (33.1)
$TIME,87.000,2025,4,23,15,54,43.974000,UTC
$CH,87.000,I1SD,3,7411,41.0,0.891939196,-60.742,-4519.577,1,0
$CH,87.000,I1SD,2,8001,38.7,3.833740173,492.612,39508.622,1,0
$CH,87.000,I1SD,10,5431,36.3,0.198314727,39.428,2115.094,1,0
$CH,87.000,I1SD,6,6431,38.3,5.596618008,38.009,2441.777,1,0
$CH,87.000,I1SD,9,5661,41.5,9.169039499,61.763,3571.584,1,0
$LOG,87.020,PNTPOS ERROR,no observation data
$TIME,88.000,2025,4,23,15,54,45.265000,UTC
$CH,88.000,I1SD,10,5531,36.6,0.198319756,38.158,2153.960,1,0
$CH,88.000,I1SD,2,8101,39.0,3.833422498,492.273,40001.539,1,0
$CH,88.000,I1SD,6,6531,37.9,5.596559855,38.066,2479.704,1,0
$CH,88.000,I1SD,3,7511,41.3,0.892080445,-60.946,-4580.596,1,0
$CH,88.000,I1SD,9,5761,41.7,9.169039403,62.128,3633.466,1,0
$LOG,88.020,PNTPOS ERROR,no observation data
$LOG,86.890,I1SD,13,SIGNAL NOT FOUND (32.4)
$TIME,89.000,2025,4,23,15,54,46.644000,UTC
$CH,89.000,I1SD,6,6631,37.5,5.596559885,38.154,2517.613,1,0
$CH,89.000,I1SD,2,8201,38.2,3.833097501,492.842,40494.418,1,0
$CH,89.000,I1SD,9,5861,41.6,9.169040991,61.542,3695.317,1,0
$CH,89.000,I1SD,10,5631,36.4,0.198286759,38.303,2192.822,1,0
$CH,89.000,I1SD,3,7611,40.7,0.892082508,-60.881,-4641.613,1,0
$LOG,89.020,PNTPOS ERROR,no observation data
$TIME,90.000,2025,4,23,15,54,47.855000,UTC
$CH,90.000,I1SD,2,8301,38.6,3.832790015,493.173,40987.275,1,0
$CH,90.000,I1SD,9,5961,41.5,9.168982172,61.730,3757.129,1,0
$CH,90.000,I1SD,3,7711,41.3,0.892079101,-61.084,-4702.630,1,0
$CH,90.000,I1SD,6,6731,37.4,5.596559276,37.772,2555.552,1,0
$CH,90.000,I1SD,10,5731,36.9,0.198234630,37.982,2231.666,1,0
$LOG,90.020,PNTPOS ERROR,no observation data
$LOG,88.590,I1SD,14,SIGNAL NOT FOUND (31.9)
$LOG,90.630,I1SD,10,FRAME SYNC (N) TOI=386
$LOG,90.620,I1SD,2,FRAME SYNC (N) TOI=386
$LOG,90.620,I1SD,6,FRAME SYNC (R) TOI=386
$LOG,90.610,I1SD,9,FRAME SYNC (R) TOI=386
$LOG,72.109,I1SD,6,IRNV1 FRAME ERROR
$LOG,72.119,I1SD,10,IRNV1 FRAME ERROR
$LOG,90.620,I1SD,3,FRAME SYNC (N) TOI=386
$LOG,72.109,I1SD,2,IRNV1 FRAME ERROR
$LOG,90.640,I1SD,10,FRAME SYNC (N) TOI=261
$LOG,90.630,I1SD,6,FRAME SYNC (R) TOI=261
$IRNV1,72.129,I1SD,10,82039D20005100252BE800000012E200000009627DB1000A11F38F083601A6496E154BFEFB8006AF4E32FC8400C800A9FD2F60058521F9F20FE6E07E2E7243F04000001F20000001057E4EA98A0193FFFFFFFFFFFFFFFFFFFFFFF8003FFFFFFFFFFFFFFFFFFFFFC00000001BA81720
$LOG,90.630,I1SD,2,FRAME SYNC (N) TOI=261
$LOG,72.099,I1SD,9,IRNV1 FRAME ERROR
$IRNV1,72.119,I1SD,6,82039D2000510007C66C00000004970000002E1C63E6001EEA12E7D595414321F42F7BFFDBB0043C02740E5C02000029F8E3E1FDCBC0025A4FC1B6035C1040056000001F800000010323AE8A8A0193FFFFFFFFFFFFFFFFFFFFFFF8003FFFFFFFFFFFFFFFFFFFFFC00000001BA81720
$IRNV1,72.119,I1SD,2,82039D200051002199300000000DC6000000194777F8201F48DD6861D8CAE5F8FD335FFF2E0028C00AAC0189FF39FE69FFD9800519C1FB104FFF187CE1BF4008B800001F800000010135F7AD8A0193FFFFFFFFFFFFFFFFFFFFFFF8003FFFFFFFFFFFFFFFFFFFFFC00000001BA81720
$LOG,72.109,I1SD,3,IRNV1 FRAME ERROR
$LOG,90.620,I1SD,9,FRAME SYNC (R) TOI=261
$LOG,90.630,I1SD,3,FRAME SYNC (N) TOI=261
$IRNV1,72.119,I1SD,3,82039D2000510022839C0000000782000000160EF51F40207C1700DB2CC172C1A88A93FFB1F005B1AE50FE14021001D9F99940022861FDA94FC8187CB51E00073800001FA0000001018CB75F0A0193FFFFFFFFFFFFFFFFFFFFFFF8003FFFFFFFFFFFFFFFFFFFFFC00000001BA81720
$IRNV1,72.109,I1SD,9,82039D2000510FF5B8140000000B1200000039A60D09801FF9A747B9A95A1240C1F85BFF5150299A7E82F7580021FEA1FCC00005F421FA3FCFE42A06BE32C3FE6800001F8000000104C3907C8A0193FFFFFFFFFFFFFFFFFFFFFFF8003FFFFFFFFFFFFFFFFFFFFFC00000001BA81720
$TIME,91.000,2025,4,23,15,54,48.991000,UTC
$CH,91.000,I1SD,2,8401,39.1,3.832478781,493.022,41480.127,2,1
$CH,91.000,I1SD,10,5831,36.7,0.198158244,37.725,2270.501,2,1
$CH,91.000,I1SD,9,6061,42.6,9.168879658,61.746,3818.881,2,1
$CH,91.000,I1SD,6,6831,38.1,5.596555410,38.780,2593.459,2,1
$CH,91.000,I1SD,3,7811,41.3,0.892086519,-61.101,-4763.648,2,1
$LOG,91.020,PNTPOS ERROR,no observation data
$TIME,92.000,2025,4,23,15,54,50.136000,UTC
$CH,92.000,I1SD,2,8501,39.9,3.832178121,493.104,41972.945,2,1
$CH,92.000,I1SD,6,6931,38.7,5.596543875,37.991,2631.392,2,1
$CH,92.000,I1SD,9,6161,42.3,9.168870349,61.616,3880.598,2,1
$CH,92.000,I1SD,10,5931,35.9,0.198160212,39.516,2309.328,2,1
$CH,92.000,I1SD,3,7911,42.1,0.892197810,-60.721,-4824.665,2,1
$LOG,92.020,PNTPOS ERROR,no observation data
$LOG,90.390,I1SD,1,SIGNAL NOT FOUND (32.5)
$TIME,93.000,2025,4,23,15,54,51.216000,UTC
$CH,93.000,I1SD,9,6261,41.8,9.168882126,61.418,3942.282,2,1
$CH,93.000,I1SD,10,6031,35.8,0.198160763,38.771,2348.171,2,1
$CH,93.000,I1SD,2,8601,40.0,3.831864969,492.685,42465.746,2,1
$CH,93.000,I1SD,6,7031,39.3,5.596520848,37.464,2669.295,2,1
$CH,93.000,I1SD,3,8011,41.8,0.892240755,-60.816,-4885.684,2,1
$LOG,93.020,PNTPOS ERROR,no observation data
$TIME,94.000,2025,4,23,15,54,52.363000,UTC
$CH,94.000,I1SD,3,8111,41.4,0.892238082,-61.170,-4946.697,2,1
$CH,94.000,I1SD,10,6131,35.8,0.198159176,39.590,2387.006,2,1
$CH,94.000,I1SD,6,7131,39.0,5.596471126,37.739,2707.229,2,1
$CH,94.000,I1SD,9,6361,42.2,9.168865124,61.757,4003.922,2,1
$CH,94.000,I1SD,2,8701,39.7,3.831547768,493.204,42958.517,2,1
$LOG,92.290,I1SD,4,SIGNAL NOT FOUND (32.4)
$LOG,94.020,PNTPOS ERROR,no observation data
$TIME,95.000,2025,4,23,15,54,53.480000,UTC
$CH,95.000,I1SD,9,6461,42.2,9.168727722,61.581,4065.505,2,1
$CH,95.000,I1SD,6,7231,38.9,5.596420821,37.022,2745.137,2,1
$CH,95.000,I1SD,3,8211,41.3,0.892236853,-61.195,-5007.716,2,1
$CH,95.000,I1SD,10,6231,36.4,0.198151139,37.528,2425.834,2,1
$CH,95.000,I1SD,2,8801,39.6,3.831238178,493.234,43451.268,2,1
$LOG,95.020,PNTPOS ERROR,no observation data
$TIME,96.000,2025,4,23,15,54,54.771000,UTC
$LOG,94.190,I1SD,5,SIGNAL NOT FOUND (32.3)
$CH,96.000,I1SD,2,8901,39.5,3.830926270,493.439,43944.004,2,1
$CH,96.000,I1SD,3,8311,41.5,0.892361731,-61.153,-5068.746,2,1
$CH,96.000,I1SD,9,6561,41.9,9.168718629,61.105,4127.069,2,1
$CH,96.000,I1SD,6,7331,38.0,5.596399099,38.426,2783.041,2,1
$CH,96.000,I1SD,10,6331,36.7,0.198126347,39.415,2464.657,2,1
$LOG,96.020,PNTPOS ERROR,no observation data
$TIME,97.000,2025,4,23,15,54,55.886000,UTC
$CH,97.000,I1SD,2,9001,40.0,3.830609927,492.960,44436.712,2,1
$CH,97.000,I1SD,9,6661,41.3,9.168720116,61.532,4188.571,2,1
$CH,97.000,I1SD,6,7431,37.9,5.596401276,37.754,2820.955,2,1
$CH,97.000,I1SD,3,8411,41.1,0.892400662,-61.328,-5129.765,2,1
$CH,97.000,I1SD,10,6431,36.5,0.198075907,38.502,2503.469,2,1
$LOG,97.020,PNTPOS ERROR,no observation data
$LOG,95.990,I1SD,7,SIGNAL NOT FOUND (31.9)
$TIME,98.000,2025,4,23,15,54,56.983000,UTC
$CH,98.000,I1SD,3,8511,41.1,0.892400957,-60.861,-5190.801,2,1
$CH,98.000,I1SD,10,6531,36.6,0.197998735,37.775,2542.288,2,1
$CH,98.000,I1SD,6,7531,37.0,5.596397894,38.040,2858.861,2,1
$CH,98.000,I1SD,2,9101,39.7,3.830288082,492.866,44929.398,2,1
$CH,98.000,I1SD,9,6761,40.8,9.168701777,61.268,4250.042,2,1
$LOG,98.020,PNTPOS ERROR,no observation data
$TIME,99.000,2025,4,23,15,54,58.153000,UTC
$CH,99.000,I1SD,10,6631,36.5,0.198000006,39.327,2581.094,2,1
$CH,99.000,I1SD,9,6861,41.3,9.168564851,61.459,4311.462,2,1
$CH,99.000,I1SD,3,8611,40.1,0.892403577,-60.864,-5251.823,2,1
$CH,99.000,I1SD,6,7631,37.3,5.596393282,37.874,2896.776,2,1
$CH,99.000,I1SD,2,9201,39.3,3.829966609,492.368,45422.053,2,1
$LOG,99.020,PNTPOS ERROR,no observation data
$LOG,97.890,I1SD,8,SIGNAL NOT FOUND (32.3)
$TIME,100.000,2025,4,23,15,54,59.286000,UTC
$CH,100.000,I1SD,3,8711,40.7,0.892466738,-60.782,-5312.841,2,1
$CH,100.000,I1SD,9,6961,41.6,9.168560598,60.720,4372.850,2,1
$CH,100.000,I1SD,2,9301,39.2,3.829652819,492.427,45914.697,2,1
$CH,100.000,I1SD,6,7731,37.7,5.596343724,36.936,2934.697,2,1
$CH,100.000,I1SD,10,6731,36.3,0.198000367,38.643,2619.921,2,1
$LOG,100.020,PNTPOS ERROR,no observation data
$TIME,101.000,2025,4,23,15,55,0.616000,UTC
$CH,101.000,I1SD,6,7831,38.2,5.596251390,37.979,2972.588,2,1
$CH,101.000,I1SD,10,6831,35.9,0.198002820,38.405,2658.714,2,1
$CH,101.000,I1SD,2,9401,39.4,3.829339016,492.531,46407.327,2,1
$CH,101.000,I1SD,3,8811,41.3,0.892562536,-61.193,-5373.877,2,1
$CH,101.000,I1SD,9,7061,41.5,9.168560750,61.284,4434.196,2,1
$LOG,101.020,PNTPOS ERROR,no observation data
$LOG,99.790,I1SD,11,SIGNAL NOT FOUND (32.5)
$TIME,102.000,2025,4,23,15,55,1.708000,UTC
$CH,102.000,I1SD,6,7931,37.9,5.596238436,37.893,3010.501,2,1
$CH,102.000,I1SD,9,7161,41.6,9.168548078,61.088,4495.492,2,1
$CH,102.000,I1SD,3,8911,41.0,0.892558774,-60.564,-5434.900,2,1
$CH,102.000,I1SD,10,6931,35.7,0.197962793,39.398,2697.504,2,1
$CH,102.000,I1SD,2,9501,38.8,3.829020778,491.830,46899.921,2,1
$LOG,102.020,PNTPOS ERROR,no observation data
$TIME,103.000,2025,4,23,15,55,2.875000,UTC
$CH,103.000,I1SD,9,7261,42.3,9.168423760,61.736,4556.748,2,1
$CH,103.000,I1SD,6,8031,37.7,5.596238461,37.807,3048.409,2,1
$CH,103.000,I1SD,2,9601,39.5,3.828704852,493.500,47392.492,2,1
$CH,103.000,I1SD,10,7031,36.3,0.197888143,38.700,2736.332,2,1
$CH,103.000,I1SD,3,9011,41.4,0.892557950,-61.149,-5495.921,2,1
$LOG,103.020,PNTPOS ERROR,no observation data
$LOG,101.490,I1SD,12,SIGNAL NOT FOUND (32.3)
$TIME,104.000,2025,4,23,15,55,3.954000,UTC
$CH,104.000,I1SD,2,9701,38.9,3.828394972,492.790,47885.045,2,1
$CH,104.000,I1SD,6,8131,37.8,5.596240076,37.805,3086.321,2,1
$CH,104.000,I1SD,3,9111,41.3,0.892630972,-60.679,-5556.958,2,1
$CH,104.000,I1SD,10,7131,36.4,0.197838723,38.582,2775.098,2,1
$CH,104.000,I1SD,9,7361,41.9,9.168399470,61.280,4617.970,2,1
$LOG,104.020,PNTPOS ERROR,no observation data
$TIME,105.000,2025,4,23,15,55,5.184000,UTC
$CH,105.000,I1SD,2,9801,38.9,3.828107417,492.149,48377.575,2,1
$CH,105.000,I1SD,6,8231,37.2,5.596241857,37.413,3124.212,2,1
$CH,105.000,I1SD,3,9211,42.1,0.892720889,-60.798,-5617.989,2,1
$CH,105.000,I1SD,10,7231,35.2,0.197836674,39.548,2813.889,2,1
$CH,105.000,I1SD,9,7461,41.9,9.168398401,60.936,4679.139,2,1
$LOG,105.020,PNTPOS ERROR,no observation data
$LOG,103.390,I1SD,13,SIGNAL NOT FOUND (31.9)
$TIME,106.000,2025,4,23,15,55,6.288000,UTC
$CH,106.000,I1SD,3,9311,41.7,0.892722590,-61.109,-5679.013,2,1
$CH,106.000,I1SD,2,9901,39.1,3.827772748,492.512,48870.088,2,1
$CH,106.000,I1SD,6,8331,38.0,5.596205009,37.836,3162.103,2,1
$CH,106.000,I1SD,9,7561,41.8,9.168400297,61.331,4740.274,2,1
$CH,106.000,I1SD,10,7331,34.6,0.197840161,38.721,2852.692,2,1
$LOG,106.020,PNTPOS ERROR,no observation data
$TIME,107.000,2025,4,23,15,55,7.441000,UTC
$CH,107.000,I1SD,3,9411,41.5,0.892720585,-60.260,-5740.051,2,1
$CH,107.000,I1SD,10,7431,34.8,0.197827776,38.295,2891.473,2,1
$CH,107.000,I1SD,2,10001,39.0,3.827469205,492.447,49362.582,2,1
$CH,107.000,I1SD,6,8431,38.4,5.596133068,38.315,3200.014,2,1
$CH,107.000,I1SD,9,7661,41.2,9.168258333,61.797,4801.359,2,1
$LOG,105.290,I1SD,14,SIGNAL NOT FOUND (32.0)
$LOG,107.020,PNTPOS ERROR,no observation data
$TIME,108.000,2025,4,23,15,55,8.691000,UTC
$CH,108.000,I1SD,3,9511,41.7,0.892779917,-60.654,-5801.085,2,1
$CH,108.000,I1SD,9,7761,41.5,9.168237655,61.019,4862.405,2,1
$CH,108.000,I1SD,2,10101,38.9,3.827159387,492.720,49855.038,2,1
$CH,108.000,I1SD,10,7531,35.0,0.197838454,39.243,2930.229,2,1
$CH,108.000,I1SD,6,8531,38.3,5.596080571,38.296,3237.899,2,1
$LOG,108.020,PNTPOS ERROR,no observation data
$TIME,109.000,2025,4,23,15,55,9.853000,UTC
$LOG,107.190,I1SD,1,SIGNAL NOT FOUND (32.2)
$CH,109.000,I1SD,3,9611,41.7,0.892880488,-62.126,-5862.097,2,1
$CH,109.000,I1SD,6,8631,37.6,5.596078811,38.010,3275.803,2,1
$CH,109.000,I1SD,2,10201,38.5,3.826851731,493.376,50347.477,2,1
$CH,109.000,I1SD,10,7631,35.5,0.197816537,38.238,2969.030,2,1
$CH,109.000,I1SD,9,7861,41.4,9.168238275,60.927,4923.412,2,1
$LOG,109.020,PNTPOS ERROR,no observation data
$TIME,110.000,2025,4,23,15,55,11.014000,UTC
$CH,110.000,I1SD,10,7731,36.2,0.197743079,37.927,3007.805,2,1
$CH,110.000,I1SD,3,9711,40.9,0.892880803,-60.780,-5923.156,2,1
$CH,110.000,I1SD,6,8731,37.3,5.596081511,38.654,3313.696,2,1
$CH,110.000,I1SD,9,7961,41.7,9.168228324,61.278,4984.381,2,1
$CH,110.000,I1SD,2,10301,39.5,3.826523610,492.373,50839.901,2,1
$LOG,110.020,PNTPOS ERROR,no observation data
$LOG,108.990,I1SD,4,SIGNAL NOT FOUND (31.8)
$TIME,111.000,2025,4,23,15,55,12.131000,UTC
$CH,111.000,I1SD,9,8061,41.9,9.168117816,61.082,5045.299,2,1
$CH,111.000,I1SD,3,9811,40.7,0.892879958,-61.311,-5984.184,2,1
$CH,111.000,I1SD,10,7831,35.9,0.197677453,38.247,3046.570,2,1
$CH,111.000,I1SD,2,10401,39.5,3.826220747,492.559,51332.296,2,1
$CH,111.000,I1SD,6,8831,37.1,5.596077167,38.690,3351.576,2,1
$LOG,111.020,PNTPOS ERROR,no observation data
$TIME,112.000,2025,4,23,15,55,13.574000,UTC
$CH,112.000,I1SD,2,10501,39.9,3.825913756,492.561,51824.674,2,1
$CH,112.000,I1SD,6,8931,37.4,5.596070896,37.755,3389.477,2,1
$CH,112.000,I1SD,10,7931,35.2,0.197676269,38.618,3085.336,2,1
$CH,112.000,I1SD,3,9911,41.1,0.892912894,-60.808,-6045.223,2,1
$CH,112.000,I1SD,9,8161,42.1,9.168077254,60.918,5106.184,2,1
$LOG,112.020,PNTPOS ERROR,no observation data
$LOG,110.890,I1SD,5,SIGNAL NOT FOUND (31.7)
$TIME,113.000,2025,4,23,15,55,14.873000,UTC
$CH,113.000,I1SD,9,8261,41.9,9.168079890,60.636,5167.024,2,1
$CH,113.000,I1SD,6,9031,37.1,5.596054926,37.867,3427.365,2,1
$CH,113.000,I1SD,10,8031,35.0,0.197680896,39.146,3124.091,2,1
$CH,113.000,I1SD,3,10011,41.6,0.893041420,-60.330,-6106.270,2,1
$CH,113.000,I1SD,2,10601,40.1,3.825601593,492.758,52317.021,2,1
$LOG,113.020,PNTPOS ERROR,no observation data
$TIME,114.000,2025,4,23,15,55,16.246000,UTC
$CH,114.000,I1SD,2,10701,39.7,3.825289422,491.961,52809.357,2,1
$CH,114.000,I1SD,6,9131,37.2,5.595961064,37.840,3465.265,2,1
$CH,114.000,I1SD,10,8131,35.0,0.197674298,38.725,3162.830,2,1
$CH,114.000,I1SD,9,8361,41.6,9.168080320,60.075,5227.819,2,1
$CH,114.000,I1SD,3,10111,40.8,0.893040522,-60.274,-6167.298,2,1
$LOG,114.020,PNTPOS ERROR,no observation data
$LOG,112.590,I1SD,7,SIGNAL NOT FOUND (32.8)
$TIME,115.000,2025,4,23,15,55,17.662000,UTC
$CH,115.000,I1SD,6,9231,37.1,5.595919407,38.477,3503.144,2,1
$CH,115.000,I1SD,3,10211,41.5,0.893039390,-61.246,-6228.334,2,1
$CH,115.000,I1SD,9,8461,41.7,9.168002807,60.792,5288.561,2,1
$CH,115.000,I1SD,10,8231,35.3,0.197632743,38.893,3201.606,2,1
$CH,115.000,I1SD,2,10801,39.3,3.824976447,492.210,53301.669,2,1
$LOG,115.020,PNTPOS ERROR,no observation data
$LOG,114.290,I1SD,8,SIGNAL NOT FOUND (32.1)
$TIME,116.000,2025,4,23,15,55,19.308000,UTC
$CH,116.000,I1SD,9,8561,41.5,9.167914117,61.050,5349.273,2,1
$CH,116.000,I1SD,2,10901,39.5,3.824654525,492.252,53793.950,2,1
$CH,116.000,I1SD,3,10311,41.3,0.893042423,-60.805,-6289.374,2,1
$CH,116.000,I1SD,10,8331,35.5,0.197588628,39.043,3240.360,2,1
$CH,116.000,I1SD,6,9331,36.9,5.595918476,37.503,3541.041,2,1
$LOG,116.020,PNTPOS ERROR,no observation data
$TIME,117.000,2025,4,23,15,55,20.705000,UTC
$CH,117.000,I1SD,10,8431,36.0,0.197518330,39.816,3279.086,2,1
$CH,117.000,I1SD,9,8661,40.5,9.167918017,60.543,5409.953,2,1
$CH,117.000,I1SD,6,9431,36.9,5.595920313,38.135,3578.917,2,1
$CH,117.000,I1SD,2,11001,39.3,3.824345929,492.330,54286.217,2,1
$CH,117.000,I1SD,3,10411,41.8,0.893162912,-61.289,-6350.412,2,1
$LOG,117.020,PNTPOS ERROR,no observation data
$LOG,115.790,I1SD,11,SIGNAL NOT FOUND (32.0)
$TIME,118.000,2025,4,23,15,55,21.928000,UTC
$CH,118.000,I1SD,9,8761,40.7,9.167919398,61.029,5470.567,2,1
$CH,118.000,I1SD,10,8531,36.0,0.197519593,38.302,3317.823,2,1
$CH,118.000,I1SD,3,10511,41.8,0.893199608,-61.206,-6411.452,2,1
$CH,118.000,I1SD,6,9531,37.0,5.595919849,37.560,3616.813,2,1
$CH,118.000,I1SD,2,11101,39.7,3.824017151,492.264,54778.455,2,1
$LOG,118.020,PNTPOS ERROR,no observation data
$TIME,119.000,2025,4,23,15,55,23.177000,UTC
$CH,119.000,I1SD,9,8861,41.0,9.167827281,60.281,5531.160,2,1
$CH,119.000,I1SD,3,10611,41.5,0.893200566,-60.854,-6472.492,2,1
$CH,119.000,I1SD,10,8631,35.9,0.197515674,38.081,3356.579,2,1
$CH,119.000,I1SD,2,11201,40.0,3.823714581,492.405,55270.683,2,1
$CH,119.000,I1SD,6,9631,37.8,5.595920737,37.365,3654.691,2,1
$LOG,119.020,PNTPOS ERROR,no observation data
$LOG,117.590,I1SD,12,SIGNAL NOT FOUND (32.2)
$TIME,120.000,2025,4,23,15,55,24.498000,UTC
$CH,120.000,I1SD,2,11301,39.3,3.823415311,491.741,55762.880,2,1
$CH,120.000,I1SD,10,8731,35.9,0.197499378,38.472,3395.313,2,1
$CH,120.000,I1SD,6,9731,37.8,5.595869161,37.813,3692.571,2,1
$CH,120.000,I1SD,9,8961,41.1,9.167759441,60.040,5591.707,2,1
$CH,120.000,I1SD,3,10711,41.1,0.893215265,-60.939,-6533.540,2,1
$LOG,120.020,PNTPOS ERROR,no observation data
$TIME,121.000,2025,4,23,15,55,25.617000,UTC
$CH,121.000,I1SD,6,9831,38.5,5.595773148,38.444,3730.450,2,1
$CH,121.000,I1SD,10,8831,36.2,0.197482951,38.944,3434.029,2,1
$CH,121.000,I1SD,2,11401,39.5,3.823095421,492.082,56255.051,2,1
$CH,121.000,I1SD,3,10811,41.8,0.893336001,-60.816,-6594.586,2,1
$CH,121.000,I1SD,9,9061,41.3,9.167759084,60.134,5652.210,2,1
$LOG,121.020,PNTPOS ERROR,no observation data
$LOG,119.390,I1SD,13,SIGNAL NOT FOUND (32.8)
$TIME,122.000,2025,4,23,15,55,26.919000,UTC
$CH,122.000,I1SD,9,9161,42.1,9.167758909,60.511,5712.661,2,1
$CH,122.000,I1SD,2,11501,39.5,3.822769887,492.644,56747.211,2,1
$CH,122.000,I1SD,10,8931,36.4,0.197459889,38.835,3472.778,2,1
$CH,122.000,I1SD,3,10911,41.7,0.893364929,-61.238,-6655.627,2,1
$CH,122.000,I1SD,6,9931,38.3,5.595759815,37.579,3768.335,2,1
$LOG,122.020,PNTPOS ERROR,no observation data
$TIME,123.000,2025,4,23,15,55,28.066000,UTC
$CH,123.000,I1SD,9,9261,41.3,9.167725053,60.330,5773.077,2,1
$CH,123.000,I1SD,3,11011,41.6,0.893358820,-61.203,-6716.671,2,1
$CH,123.000,I1SD,10,9031,36.7,0.197415444,39.068,3511.495,2,1
$CH,123.000,I1SD,2,11601,39.9,3.822475555,491.716,57239.336,2,1
$CH,123.000,I1SD,6,10031,38.0,5.595760745,37.852,3806.208,2,1
$LOG,121.290,I1SD,14,SIGNAL NOT FOUND (32.6)
$LOG,123.020,PNTPOS ERROR,no observation data
$TIME,124.000,2025,4,23,15,55,29.155000,UTC
$CH,124.000,I1SD,6,10131,37.4,5.595760106,36.694,3844.086,2,1
$CH,124.000,I1SD,3,11111,41.7,0.893360618,-61.441,-6777.711,2,1
$CH,124.000,I1SD,2,11701,39.4,3.822161281,492.730,57731.445,2,1
$CH,124.000,I1SD,9,9361,41.8,9.167619379,60.338,5833.452,2,1
$CH,124.000,I1SD,10,9131,36.1,0.197365187,38.661,3550.212,2,1
$LOG,124.020,PNTPOS ERROR,no observation data
$TIME,125.000,2025,4,23,15,55,30.279000,UTC
$LOG,123.090,I1SD,1,SIGNAL NOT FOUND (32.6)
$CH,125.000,I1SD,9,9461,41.4,9.167593857,60.468,5893.786,2,1
$CH,125.000,I1SD,6,10231,37.3,5.595756653,37.790,3881.965,2,1
$CH,125.000,I1SD,2,11801,39.2,3.821844380,492.527,58223.516,2,1
$CH,125.000,I1SD,10,9231,36.1,0.197360244,38.405,3588.930,2,1
$CH,125.000,I1SD,3,11211,41.9,0.893481740,-61.002,-6838.768,2,1
$LOG,125.020,PNTPOS ERROR,no observation data
$TIME,126.000,2025,4,23,15,55,31.415000,UTC
$CH,126.000,I1SD,9,9561,41.6,9.167595796,59.934,5954.077,2,1
$CH,126.000,I1SD,6,10331,37.8,5.595750462,38.944,3919.836,2,1
$CH,126.000,I1SD,10,9331,36.3,0.197356389,39.366,3627.630,2,1
$CH,126.000,I1SD,3,11311,41.5,0.893519953,-60.542,-6899.811,2,1
$CH,126.000,I1SD,2,11901,39.5,3.821549496,492.427,58715.585,2,1
$LOG,126.020,PNTPOS ERROR,no observation data
$TIME,127.000,2025,4,23,15,55,32.516000,UTC
$LOG,124.990,I1SD,4,SIGNAL NOT FOUND (31.9)
$CH,127.000,I1SD,2,12001,40.0,3.821224571,491.998,59207.628,2,1
$CH,127.000,I1SD,10,9431,36.1,0.197347349,39.145,3666.355,2,1
$CH,127.000,I1SD,3,11411,41.6,0.893520097,-61.127,-6960.857,2,1
$CH,127.000,I1SD,9,9661,41.9,9.167578716,59.918,6014.323,2,1
$CH,127.000,I1SD,6,10431,38.2,5.595665310,37.224,3957.702,2,1
$LOG,127.020,PNTPOS ERROR,no observation data
$TIME,128.000,2025,4,23,15,55,33.682000,UTC
$CH,128.000,I1SD,2,12101,39.5,3.820907836,492.550,59699.640,2,1
$CH,128.000,I1SD,3,11511,41.1,0.893519734,-60.969,-7021.903,2,1
$CH,128.000,I1SD,6,10531,38.0,5.595599179,37.431,3995.581,2,1
$CH,128.000,I1SD,9,9761,42.4,9.167458136,60.135,6074.530,2,1
$CH,128.000,I1SD,10,9531,36.4,0.197295597,38.729,3705.057,2,1
$LOG,128.020,PNTPOS ERROR,no observation data
$LOG,126.990,I1SD,5,SIGNAL NOT FOUND (31.9)
$TIME,129.000,2025,4,23,15,55,34.989000,UTC
$CH,129.000,I1SD,10,9631,36.3,0.197266292,38.095,3743.768,2,1
$CH,129.000,I1SD,2,12201,39.5,3.820600957,491.303,60191.647,2,1
$CH,129.000,I1SD,6,10631,37.2,5.595599773,37.251,4033.448,2,1
$CH,129.000,I1SD,3,11611,41.3,0.893593525,-61.177,-7082.958,2,1
$CH,129.000,I1SD,9,9861,42.3,9.167435347,59.836,6134.697,2,1
$LOG,129.020,PNTPOS ERROR,no observation data
$TIME,130.000,2025,4,23,15,55,36.133000,UTC
$CH,130.000,I1SD,10,9731,35.6,0.197197167,37.885,3782.467,2,1
$CH,130.000,I1SD,6,10731,37.4,5.595599188,36.474,4071.317,2,1
$CH,130.000,I1SD,2,12301,39.1,3.820299471,492.274,60683.618,2,1
$CH,130.000,I1SD,9,9961,41.6,9.167440915,60.431,6194.818,2,1
$CH,130.000,I1SD,3,11711,41.3,0.893683781,-61.018,-7144.010,2,1
$LOG,130.020,PNTPOS ERROR,no observation data
$LOG,128.790,I1SD,7,SIGNAL NOT FOUND (31.5)
$TIME,131.000,2025,4,23,15,55,37.244000,UTC
$CH,131.000,I1SD,3,11811,41.3,0.893680104,-61.478,-7205.065,2,1
$CH,131.000,I1SD,6,10831,37.9,5.595599606,37.868,4109.189,2,1
$CH,131.000,I1SD,9,10061,41.5,9.167431559,60.008,6254.891,2,1
$CH,131.000,I1SD,2,12401,39.9,3.819967156,491.799,61175.580,2,1
$CH,131.000,I1SD,10,9831,35.3,0.197201996,38.900,3821.154,2,1
$LOG,131.020,PNTPOS ERROR,no observation data
$TIME,132.000,2025,4,23,15,55,38.498000,UTC
$CH,132.000,I1SD,10,9931,36.0,0.197196493,38.694,3859.840,2,1
$CH,132.000,I1SD,9,10161,41.8,9.167292588,60.202,6314.929,2,1
$CH,132.000,I1SD,2,12501,39.7,3.819624731,491.789,61667.497,2,1
$CH,132.000,I1SD,6,10931,38.6,5.595595949,37.703,4147.059,2,1
$CH,132.000,I1SD,3,11911,41.3,0.893680367,-61.230,-7266.119,2,1
$LOG,132.020,PNTPOS ERROR,no observation data
$LOG,130.690,I1SD,8,SIGNAL NOT FOUND (32.4)
$TIME,133.000,2025,4,23,15,55,39.608000,UTC
$CH,133.000,I1SD,10,10031,35.9,0.197185751,39.202,3898.520,2,1
$CH,133.000,I1SD,3,12011,41.3,0.893766512,-61.263,-7327.170,2,1
$CH,133.000,I1SD,6,11031,37.8,5.595558955,37.800,4184.923,2,1
$CH,133.000,I1SD,2,12601,39.8,3.819333598,492.409,62159.415,2,1
$CH,133.000,I1SD,9,10261,41.6,9.167276962,60.054,6374.924,2,1
$LOG,133.020,PNTPOS ERROR,no observation data
$TIME,134.000,2025,4,23,15,55,40.726000,UTC
$CH,134.000,I1SD,2,12701,40.3,3.819011448,492.386,62651.293,2,1
$CH,134.000,I1SD,3,12111,41.5,0.893840272,-61.020,-7388.233,2,1
$CH,134.000,I1SD,6,11131,37.8,5.595475468,36.848,4222.788,2,1
$CH,134.000,I1SD,10,10131,36.4,0.197150291,38.111,3937.212,2,1
$CH,134.000,I1SD,9,10361,41.5,9.167280718,59.966,6434.873,2,1
$LOG,134.020,PNTPOS ERROR,no observation data
$LOG,132.490,I1SD,11,SIGNAL NOT FOUND (32.4)
$TIME,135.000,2025,4,23,15,55,41.865000,UTC
$CH,135.000,I1SD,6,11231,37.6,5.595440877,37.585,4260.645,2,1
$CH,135.000,I1SD,9,10461,41.6,9.167272988,59.680,6494.786,2,1
$CH,135.000,I1SD,2,12801,40.5,3.818734088,491.505,63143.155,2,1
$CH,135.000,I1SD,3,12211,41.3,0.893840331,-60.708,-7449.280,2,1
$CH,135.000,I1SD,10,10231,36.1,0.197127993,38.507,3975.893,2,1
$LOG,135.020,PNTPOS ERROR,no observation data
$TIME,136.000,2025,4,23,15,55,43.292000,UTC
$CH,136.000,I1SD,2,12901,40.1,3.818422869,491.631,63634.999,2,1
$CH,136.000,I1SD,9,10561,41.5,9.167216391,59.170,6554.655,2,1
$CH,136.000,I1SD,6,11331,37.8,5.595438429,37.910,4298.508,2,1
$CH,136.000,I1SD,3,12311,41.4,0.893840668,-60.643,-7510.346,2,1
$CH,136.000,I1SD,10,10331,35.8,0.197038987,38.290,4014.564,2,1
$LOG,134.390,I1SD,12,SIGNAL NOT FOUND (32.0)
$LOG,136.020,PNTPOS ERROR,no observation data
$TIME,137.000,2025,4,23,15,55,44.926000,UTC
$CH,137.000,I1SD,10,10431,35.1,0.197038746,38.712,4053.233,2,1
$CH,137.000,I1SD,3,12411,41.7,0.893916083,-60.492,-7571.396,2,1
$CH,137.000,I1SD,9,10661,41.8,9.167119244,59.406,6614.486,2,1
$CH,137.000,I1SD,2,13001,39.9,3.818104339,491.741,64126.808,2,1
$CH,137.000,I1SD,6,11431,37.4,5.595439380,37.605,4336.359,2,1
$LOG,137.020,PNTPOS ERROR,no observation data
$LOG,136.090,I1SD,13,SIGNAL NOT FOUND (31.9)
$TIME,138.000,2025,4,23,15,55,46.171000,UTC
$CH,138.000,I1SD,10,10531,34.9,0.197036239,39.290,4091.908,2,1
$CH,138.000,I1SD,9,10761,41.5,9.167119950,60.056,6674.259,2,1
$CH,138.000,I1SD,6,11531,37.5,5.595439225,37.805,4374.228,2,1
$CH,138.000,I1SD,3,12511,42.0,0.893999709,-61.224,-7632.453,2,1
$CH,138.000,I1SD,2,13101,39.7,3.817796304,491.883,64618.604,2,1
$LOG,138.020,PNTPOS ERROR,no observation data
$TIME,139.000,2025,4,23,15,55,48.557000,UTC
$CH,139.000,I1SD,10,10631,35.6,0.197041261,37.278,4130.581,2,1
$CH,139.000,I1SD,6,11631,37.3,5.595408974,37.716,4412.089,2,1
$CH,139.000,I1SD,3,12611,41.2,0.893999040,-61.211,-7693.509,2,1
$CH,139.000,I1SD,9,10861,41.9,9.167118409,59.761,6734.003,2,1
$CH,139.000,I1SD,2,13201,39.9,3.817500316,492.202,65110.369,2,1
$LOG,137.790,I1SD,14,SIGNAL NOT FOUND (32.5)
$LOG,139.020,PNTPOS ERROR,no observation data
$TIME,140.000,2025,4,23,15,55,49.860000,UTC
$CH,140.000,I1SD,6,11731,37.8,5.595327337,37.532,4449.937,2,1
$CH,140.000,I1SD,10,10731,36.0,0.197039839,38.504,4169.216,2,1
$CH,140.000,I1SD,2,13301,39.0,3.817167815,492.332,65602.120,2,1
$CH,140.000,I1SD,9,10961,42.1,9.167056545,59.899,6793.706,2,1
$CH,140.000,I1SD,3,12711,41.2,0.893999296,-59.886,-7754.582,2,1
$LOG,140.020,PNTPOS ERROR,no observation data
$TIME,141.000,2025,4,23,15,55,51.090000,UTC
$CH,141.000,I1SD,9,11061,42.5,9.166958812,59.912,6853.366,2,1
$CH,141.000,I1SD,6,11831,37.7,5.595280537,36.954,4487.797,2,1
$CH,141.000,I1SD,3,12811,41.8,0.894031502,-61.175,-7815.627,2,1
$CH,141.000,I1SD,10,10831,35.7,0.196998276,38.573,4207.882,2,1
$CH,141.000,I1SD,2,13401,38.6,3.816857946,492.355,66093.855,2,1
$LOG,139.190,I1SD,1,SIGNAL NOT FOUND (32.6)
$LOG,141.020,PNTPOS ERROR,no observation data
$TIME,142.000,2025,4,23,15,55,52.344000,UTC
$CH,142.000,I1SD,6,11931,37.2,5.595281618,38.274,4525.647,2,1
$CH,142.000,I1SD,3,12911,42.0,0.894159870,-61.759,-7876.695,2,1
$CH,142.000,I1SD,2,13501,39.0,3.816542533,492.043,66585.561,2,1
$CH,142.000,I1SD,10,10931,36.3,0.196956830,38.789,4246.532,2,1
$CH,142.000,I1SD,9,11161,42.2,9.166960194,59.908,6912.983,2,1
$LOG,142.020,PNTPOS ERROR,no observation data
$TIME,143.000,2025,4,23,15,55,53.626000,UTC
$LOG,141.090,I1SD,4,SIGNAL NOT FOUND (31.9)
$CH,143.000,I1SD,10,11031,35.9,0.196881894,38.536,4285.194,2,1
$CH,143.000,I1SD,3,13011,41.8,0.894160059,-60.801,-7937.758,2,1
$CH,143.000,I1SD,6,12031,37.3,5.595280804,38.562,4563.497,2,1
$CH,143.000,I1SD,2,13601,38.8,3.816235012,491.991,67077.239,2,1
$CH,143.000,I1SD,9,11261,42.1,9.166956988,59.549,6972.553,2,1
$LOG,143.020,PNTPOS ERROR,no observation data
$TIME,144.000,2025,4,23,15,55,54.894000,UTC
$CH,144.000,I1SD,2,13701,38.6,3.815917195,491.798,67568.897,2,1
$CH,144.000,I1SD,10,11131,35.3,0.196878096,39.789,4323.814,2,1
$CH,144.000,I1SD,3,13111,41.7,0.894159254,-61.222,-7998.815,2,1
$CH,144.000,I1SD,6,12131,37.6,5.595278873,37.546,4601.341,2,1
$CH,144.000,I1SD,9,11361,41.6,9.166903367,59.140,7032.089,2,1
$LOG,144.020,PNTPOS ERROR,no observation data
$LOG,142.990,I1SD,5,SIGNAL NOT FOUND (32.5)
$TIME,145.000,2025,4,23,15,56,2.006000,UTC
$CH,145.000,I1SD,9,11461,41.9,9.166799373,59.485,7091.574,2,1
$CH,145.000,I1SD,3,13211,41.8,0.894211824,-61.413,-8059.880,2,1
$CH,145.000,I1SD,2,13801,38.8,3.815612135,491.566,68060.542,2,1
$CH,145.000,I1SD,10,11231,35.4,0.196880415,38.401,4362.479,2,1
$CH,145.000,I1SD,6,12231,37.4,5.595282847,37.571,4639.211,2,1
$LOG,145.020,PNTPOS ERROR,no observation data
$TIME,146.000,2025,4,23,15,56,3.155000,UTC
$CH,146.000,I1SD,6,12331,37.3,5.595251205,37.924,4677.047,2,1
$CH,146.000,I1SD,3,13311,41.8,0.894321240,-60.762,-8120.948,2,1
$CH,146.000,I1SD,2,13901,39.5,3.815290279,491.944,68552.158,2,1
$CH,146.000,I1SD,9,11561,41.8,9.166792280,59.099,7151.016,2,1
$CH,146.000,I1SD,10,11331,35.4,0.196879444,38.821,4401.110,2,1
$LOG,146.020,PNTPOS ERROR,no observation data
$LOG,144.890,I1SD,7,SIGNAL NOT FOUND (32.8)
$TIME,147.000,2025,4,23,15,56,49.071000,UTC
$CH,147.000,I1SD,3,13411,40.7,0.894319004,-60.584,-8182.012,2,1
$CH,147.000,I1SD,2,14001,39.5,3.814985840,491.543,69043.750,2,1
$CH,147.000,I1SD,9,11661,41.4,9.166798859,58.752,7210.428,2,1
$CH,147.000,I1SD,10,11431,35.2,0.196861139,38.492,4439.750,2,1
$CH,147.000,I1SD,6,12431,38.3,5.595176885,37.565,4714.900,2,1
$LOG,147.020,PNTPOS ERROR,no observation data
$TIME,148.000,2025,4,23,15,56,50.335000,UTC
$CH,148.000,I1SD,6,12531,38.0,5.595118402,37.572,4752.741,2,1
$CH,148.000,I1SD,9,11761,41.0,9.166798365,59.967,7269.783,2,1
$CH,148.000,I1SD,2,14101,39.1,3.814667159,492.164,69535.316,2,1
$CH,148.000,I1SD,3,13511,40.6,0.894319655,-60.589,-8243.089,2,1
$CH,148.000,I1SD,10,11531,35.4,0.196846260,37.958,4478.397,2,1
$LOG,148.020,PNTPOS ERROR,no observation data
$LOG,146.790,I1SD,8,SIGNAL NOT FOUND (32.8)
$TIME,149.000,2025,4,23,15,56,51.718000,UTC
$CH,149.000,I1SD,2,14201,39.0,3.814346737,491.433,70026.870,2,1
$CH,149.000,I1SD,6,12631,37.6,5.595120256,37.077,4790.587,2,1
$CH,149.000,I1SD,3,13611,40.7,0.894341151,-61.341,-8304.145,2,1
$CH,149.000,I1SD,10,11631,35.6,0.196790516,38.753,4517.006,2,1
$CH,149.000,I1SD,9,11861,41.4,9.166683500,59.082,7329.108,2,1
$LOG,149.020,PNTPOS ERROR,no observation data
$TIME,150.000,2025,4,23,15,56,52.894000,UTC
$LOG,148.290,I1SD,11,SIGNAL NOT FOUND (32.2)
$CH,150.000,I1SD,10,11731,35.0,0.196723688,38.051,4555.637,2,1
$CH,150.000,I1SD,9,11961,41.6,9.166637832,59.490,7388.381,2,1
$CH,150.000,I1SD,3,13711,41.9,0.894471968,-60.737,-8365.216,2,1
$CH,150.000,I1SD,6,12731,37.1,5.595117517,37.568,4828.434,2,1
$CH,150.000,I1SD,2,14301,39.0,3.814034241,490.719,70518.404,2,1
$LOG,150.020,PNTPOS ERROR,no observation data
$TIME,151.000,2025,4,23,15,56,54.053000,UTC
$CH,151.000,I1SD,6,12831,37.4,5.595120874,36.996,4866.271,2,1
$CH,151.000,I1SD,9,12061,41.3,9.166640852,58.896,7447.616,2,1
$CH,151.000,I1SD,10,11831,35.0,0.196723733,38.574,4594.244,2,1
$CH,151.000,I1SD,2,14401,39.2,3.813722861,491.269,71009.896,2,1
$CH,151.000,I1SD,3,13811,41.5,0.894481019,-61.391,-8426.285,2,1
$LOG,151.020,PNTPOS ERROR,no observation data
$LOG,149.990,I1SD,12,SIGNAL NOT FOUND (32.5)
$TIME,152.000,2025,4,23,15,56,55.227000,UTC
$CH,152.000,I1SD,3,13911,40.8,0.894479294,-61.309,-8487.345,2,1
$CH,152.000,I1SD,9,12161,40.8,9.166640117,59.392,7506.812,2,1
$CH,152.000,I1SD,2,14501,39.0,3.813420462,491.138,71501.388,2,1
$CH,152.000,I1SD,10,11931,35.3,0.196720726,38.435,4632.877,2,1
$CH,152.000,I1SD,6,12931,37.7,5.595112552,37.700,4904.109,2,1
$LOG,152.020,PNTPOS ERROR,no observation data
$TIME,153.000,2025,4,23,15,56,56.391000,UTC
$CH,153.000,I1SD,6,13031,38.3,5.595090281,37.767,4941.948,2,1
$CH,153.000,I1SD,3,14011,41.5,0.894489211,-60.738,-8548.419,2,1
$CH,153.000,I1SD,10,12031,35.2,0.196722643,38.414,4671.496,2,1
$CH,153.000,I1SD,2,14601,39.4,3.813104151,491.325,71992.833,2,1
$CH,153.000,I1SD,9,12261,41.2,9.166545547,59.274,7565.963,2,1
$LOG,153.020,PNTPOS ERROR,no observation data
$LOG,151.890,I1SD,13,SIGNAL NOT FOUND (32.5)
$TIME,154.000,2025,4,23,15,56,57.525000,UTC
$CH,154.000,I1SD,3,14111,42.4,0.894623937,-61.029,-8609.501,2,1
$CH,154.000,I1SD,9,12361,41.9,9.166476586,59.067,7625.074,2,1
$CH,154.000,I1SD,6,13131,38.7,5.595014144,38.612,4979.789,2,1
$CH,154.000,I1SD,2,14701,39.3,3.812791127,491.429,72484.276,2,1
$CH,154.000,I1SD,10,12131,35.7,0.196696425,38.977,4710.083,2,1
$LOG,154.020,PNTPOS ERROR,no observation data
$TIME,155.000,2025,4,23,15,56,58.878000,UTC
$CH,155.000,I1SD,6,13231,38.5,5.594958920,37.684,5017.630,2,1
$CH,155.000,I1SD,10,12231,35.9,0.196644648,37.764,4748.699,2,1
$CH,155.000,I1SD,3,14211,41.6,0.894641752,-60.911,-8670.566,2,1
$CH,155.000,I1SD,9,12461,41.6,9.166479985,59.421,7684.130,2,1
$CH,155.000,I1SD,2,14801,39.5,3.812503709,490.934,72975.684,2,1
$LOG,155.020,PNTPOS ERROR,no observation data
$LOG,153.780,I1SD,14,SIGNAL NOT FOUND (32.6)
$TIME,156.000,2025,4,23,15,56,59.915000,UTC
$CH,156.000,I1SD,2,14901,39.6,3.812195169,491.159,73467.085,2,1
$CH,156.000,I1SD,3,14311,41.3,0.894639231,-60.598,-8731.637,2,1
$CH,156.000,I1SD,6,13331,38.0,5.594957470,37.595,5055.462,2,1
$CH,156.000,I1SD,10,12331,36.4,0.196559876,38.496,4787.292,2,1
$CH,156.000,I1SD,9,12561,41.5,9.166480591,58.906,7743.151,2,1
$LOG,156.020,PNTPOS ERROR,no observation data
$TIME,157.000,2025,4,23,15,57,1.073000,UTC
$CH,157.000,I1SD,3,14411,40.9,0.894639021,-60.887,-8792.716,2,1
$CH,157.000,I1SD,2,15001,39.3,3.811880607,491.550,73958.431,2,1
$CH,157.000,I1SD,9,12661,41.2,9.166391160,59.378,7802.128,2,1
$CH,157.000,I1SD,6,13431,37.8,5.594959543,37.316,5093.290,2,1
$CH,157.000,I1SD,10,12431,35.8,0.196553913,39.182,4825.887,2,1
$LOG,157.020,PNTPOS ERROR,no observation data
$LOG,155.590,I1SD,1,SIGNAL NOT FOUND (32.2)
$TIME,158.000,2025,4,23,15,57,2.148000,UTC
$CH,158.000,I1SD,9,12761,41.6,9.166316872,59.326,7861.067,2,1
$CH,158.000,I1SD,2,15101,39.1,3.811546289,490.759,74449.786,2,1
$CH,158.000,I1SD,3,14511,41.8,0.894765866,-60.948,-8853.793,2,1
$CH,158.000,I1SD,10,12531,36.1,0.196558543,38.143,4864.483,2,1
$CH,158.000,I1SD,6,13531,37.7,5.594953189,37.961,5131.123,2,1
$LOG,158.020,PNTPOS ERROR,no observation data
$TIME,159.000,2025,4,23,15,57,3.255000,UTC
$CH,159.000,I1SD,9,12861,40.7,9.166319298,58.816,7919.974,2,1
$CH,159.000,I1SD,2,15201,39.0,3.811246268,491.007,74941.118,2,1
$CH,159.000,I1SD,10,12631,36.4,0.196552586,38.230,4903.071,2,1
$CH,159.000,I1SD,6,13631,38.2,5.594959611,38.183,5168.947,2,1
$CH,159.000,I1SD,3,14611,41.7,0.894800872,-61.301,-8914.860,2,1
$LOG,159.020,PNTPOS ERROR,no observation data
$LOG,157.540,I1SD,4,SIGNAL NOT FOUND (32.4)
$TIME,160.000,2025,4,23,15,57,4.338000,UTC
$CH,160.000,I1SD,9,12961,40.5,9.166321830,58.277,7978.834,2,1
$CH,160.000,I1SD,10,12731,36.7,0.196546245,38.672,4941.666,2,1
$CH,160.000,I1SD,2,15301,39.1,3.810934991,491.146,75432.408,2,1
$CH,160.000,I1SD,6,13731,38.0,5.594897411,38.164,5206.790,2,1
$CH,160.000,I1SD,3,14711,41.7,0.894799404,-61.522,-8975.935,2,1
$LOG,160.020,PNTPOS ERROR,no observation data
$TIME,161.000,2025,4,23,15,57,5.475000,UTC
$CH,161.000,I1SD,3,14811,41.0,0.894799633,-60.749,-9037.015,2,1
$CH,161.000,I1SD,10,12831,36.6,0.196475032,38.481,4980.248,2,1
$CH,161.000,I1SD,2,15401,39.4,3.810611564,491.439,75923.689,2,1
$CH,161.000,I1SD,9,13061,40.0,9.166304040,58.574,8037.641,2,1
$CH,161.000,I1SD,6,13831,38.2,5.594797669,37.486,5244.611,2,1
$LOG,161.020,PNTPOS ERROR,no observation data
$LOG,159.490,I1SD,5,SIGNAL NOT FOUND (31.6)
$TIME,162.000,2025,4,23,15,57,6.796000,UTC
$CH,162.000,I1SD,9,13161,41.0,9.166207353,58.339,8096.414,2,1
$CH,162.000,I1SD,3,14911,41.4,0.894891334,-61.178,-9098.095,2,1
$CH,162.000,I1SD,6,13931,37.6,5.594803188,37.514,5282.440,2,1
$CH,162.000,I1SD,2,15501,39.0,3.810293333,490.518,76414.944,2,1
$CH,162.000,I1SD,10,12931,37.2,0.196417356,38.686,5018.816,2,1
$LOG,162.020,PNTPOS ERROR,no observation data
$LOG,162.630,I1SD,10,FRAME SYNC (N) TOI=260
$LOG,144.119,I1SD,10,IRNV1 FRAME ERROR
$LOG,162.620,I1SD,3,FRAME SYNC (N) TOI=260
$LOG,162.620,I1SD,2,FRAME SYNC (N) TOI=260
$LOG,162.640,I1SD,10,FRAME SYNC (N) TOI=9
$LOG,162.610,I1SD,9,FRAME SYNC (R) TOI=260
$LOG,162.620,I1SD,6,FRAME SYNC (R) TOI=260
$LOG,144.109,I1SD,2,IRNV1 FRAME ERROR
$IRNV1,144.129,I1SD,10,04039E40005100252BE800000012E200000009627DB1000A11F38F083601A6496E154BFEFB8006AF4E32FC8400C800A9FD2F60058521F9F20FE6E07E2E7243F04000001F2000000105429BDA945EEC0000000000000000000000000000000140BFFFFE2805FFFFFC0000000CD15D20
$LOG,162.630,I1SD,2,FRAME SYNC (N) TOI=9
$LOG,144.109,I1SD,3,IRNV1 FRAME ERROR
$LOG,144.109,I1SD,6,IRNV1 FRAME ERROR
$LOG,144.099,I1SD,9,IRNV1 FRAME ERROR
$LOG,162.630,I1SD,3,FRAME SYNC (N) TOI=9
$LOG,162.620,I1SD,9,FRAME SYNC (R) TOI=9
$LOG,162.630,I1SD,6,FRAME SYNC (R) TOI=9
$IRNV1,144.119,I1SD,2,04039E400051002199300000000DC6000000194777F8201F48DD6861D8CAE5F8FD335FFF2E0028C00AAC0189FF39FE69FFD9800519C1FB104FFF187CE1BF4008B800001F80000001010922DE945EEC0000000000000000000000000000000140BFFFFE2805FFFFFC0000000CD15D20
$IRNV1,144.109,I1SD,9,04039E4000510FF5B8140000000B1200000039A60D09801FF9A747B9A95A1240C1F85BFF5150299A7E82F7580021FEA1FCC00005F421FA3FCFE42A06BE32C3FE6800001F8000000104FF450F945EEC0000000000000000000000000000000140BFFFFE2805FFFFFC0000000CD15D20
$IRNV1,144.119,I1SD,6,04039E4000510007C66C00000004970000002E1C63E6001EEA12E7D595414321F42F7BFFDBB0043C02740E5C02000029F8E3E1FDCBC0025A4FC1B6035C1040056000001F80000001031F7BF9945EEC0000000000000000000000000000000140BFFFFE2805FFFFFC0000000CD15D20
$IRNV1,144.119,I1SD,3,04039E4000510022839C0000000782000000160EF51F40207C1700DB2CC172C1A88A93FFB1F005B1AE50FE14021001D9F99940022861FDA94FC8187CB51E00073800001FA000000101B0622C145EEC0000000000000000000000000000000140BFFFFE2805FFFFFC0000000CD15D20
$TIME,163.000,2025,4,23,15,57,7.912000,UTC
$CH,163.000,I1SD,6,14031,37.8,5.594794244,38.668,5320.256,3,2
$CH,163.000,I1SD,10,13031,37.3,0.196399225,38.524,5057.395,3,2
$CH,163.000,I1SD,2,15601,39.8,3.809986696,490.631,76906.180,3,2
$CH,163.000,I1SD,3,15011,41.7,0.894963219,-61.511,-9159.176,3,2
$CH,163.000,I1SD,9,13261,41.5,9.166160177,58.724,8155.134,3,2
$LOG,161.390,I1SD,7,SIGNAL NOT FOUND (32.7)
$LOG,163.020,PNTPOS ERROR,no observation data
$TIME,164.000,2025,4,23,15,57,9.039000,UTC
$CH,164.000,I1SD,3,15111,41.1,0.894961936,-60.699,-9220.258,3,2
$CH,164.000,I1SD,2,15701,39.8,3.809671973,491.912,77397.382,3,2
$CH,164.000,I1SD,6,14131,37.5,5.594800713,37.982,5358.091,3,2
$CH,164.000,I1SD,9,13361,41.0,9.166159992,58.411,8213.819,3,2
$CH,164.000,I1SD,10,13131,36.6,0.196400548,37.632,5095.966,3,2
$LOG,164.020,PNTPOS ERROR,no observation data
$TIME,165.000,2025,4,23,15,57,10.198000,UTC
$CH,165.000,I1SD,9,13461,40.6,9.166135845,58.383,8272.464,3,2
$CH,165.000,I1SD,2,15801,39.6,3.809372838,490.960,77888.574,3,2
$CH,165.000,I1SD,6,14231,38.2,5.594796597,38.370,5395.910,3,2
$CH,165.000,I1SD,3,15211,41.3,0.894957757,-61.093,-9281.339,3,2
$CH,165.000,I1SD,10,13231,36.2,0.196398975,39.453,5134.519,3,2
$LOG,163.190,I1SD,8,SIGNAL NOT FOUND (32.5)
$LOG,165.020,PNTPOS ERROR,no observation data
$TIME,166.000,2025,4,23,15,57,11.340000,UTC
$CH,166.000,I1SD,10,13331,35.9,0.196400383,38.638,5173.107,3,2
$CH,166.000,I1SD,6,14331,38.3,5.594765787,37.818,5433.744,3,2
$CH,166.000,I1SD,9,13561,40.7,9.166014362,58.794,8331.062,3,2
$CH,166.000,I1SD,3,15311,41.2,0.895063181,-61.099,-9342.416,3,2
$CH,166.000,I1SD,2,15901,39.8,3.809043073,490.981,78379.739,3,2
$LOG,166.020,PNTPOS ERROR,no observation data
$TIME,167.000,2025,4,23,15,57,12.459000,UTC
$LOG,165.090,I1SD,11,SIGNAL NOT FOUND (32.7)
$CH,167.000,I1SD,6,14431,38.2,5.594677013,38.082,5471.562,3,2
$CH,167.000,I1SD,9,13661,41.4,9.165993822,59.333,8389.614,3,2
$CH,167.000,I1SD,2,16001,39.4,3.808714737,491.100,78870.888,3,2
$CH,167.000,I1SD,3,15411,41.3,0.895121896,-60.893,-9403.499,3,2
$CH,167.000,I1SD,10,13431,35.2,0.196383155,38.717,5211.641,3,2
$LOG,167.020,PNTPOS ERROR,no observation data
$TIME,168.000,2025,4,23,15,57,13.634000,UTC
$CH,168.000,I1SD,10,13531,34.9,0.196349267,39.114,5250.218,3,2
$CH,168.000,I1SD,9,13761,41.2,9.165999625,58.656,8448.130,3,2
$CH,168.000,I1SD,2,16101,39.9,3.808419262,490.908,79362.010,3,2
$CH,168.000,I1SD,6,14531,38.3,5.594639975,37.742,5509.373,3,2
$CH,168.000,I1SD,3,15511,41.1,0.895121451,-61.099,-9464.583,3,2
$LOG,168.020,PNTPOS ERROR,no observation data
$LOG,166.990,I1SD,12,SIGNAL NOT FOUND (32.9)
$TIME,169.000,2025,4,23,15,57,15.173000,UTC
$CH,169.000,I1SD,9,13861,41.6,9.165997868,58.278,8506.611,3,2
$CH,169.000,I1SD,2,16201,39.9,3.808104434,490.440,79853.101,3,2
$CH,169.000,I1SD,6,14631,38.0,5.594639905,38.070,5547.193,3,2
$CH,169.000,I1SD,10,13631,35.8,0.196277343,38.073,5288.768,3,2
$CH,169.000,I1SD,3,15611,41.2,0.895120978,-61.102,-9525.670,3,2
$LOG,169.020,PNTPOS ERROR,no observation data
$TIME,170.000,2025,4,23,15,57,16.567000,UTC
$CH,170.000,I1SD,10,13731,36.3,0.196236016,39.494,5327.308,3,2
$CH,170.000,I1SD,2,16301,39.5,3.807774632,490.816,80344.181,3,2
$CH,170.000,I1SD,3,15711,41.0,0.895178347,-61.064,-9586.754,3,2
$CH,170.000,I1SD,9,13961,42.0,9.165892236,58.657,8565.035,3,2
$CH,170.000,I1SD,6,14731,38.2,5.594642302,37.681,5585.021,3,2
$LOG,170.020,PNTPOS ERROR,no observation data
$LOG,168.690,I1SD,13,SIGNAL NOT FOUND (32.7)
$TIME,171.000,2025,4,23,15,57,17.805000,UTC
$CH,171.000,I1SD,3,15811,41.2,0.895282161,-61.472,-9647.842,3,2
$CH,171.000,I1SD,10,13831,35.8,0.196240526,39.655,5365.848,3,2
$CH,171.000,I1SD,9,14061,42.2,9.165837455,58.068,8623.427,3,2
$CH,171.000,I1SD,6,14831,38.0,5.594640955,39.707,5622.793,3,2
$CH,171.000,I1SD,2,16401,39.2,3.807485037,491.528,80835.227,3,2
$LOG,171.020,PNTPOS ERROR,no observation data
$TIME,172.000,2025,4,23,15,57,19.547000,UTC
$LOG,170.490,I1SD,14,SIGNAL NOT FOUND (31.9)
$CH,172.000,I1SD,3,15911,40.5,0.895281883,-60.740,-9708.925,3,2
$CH,172.000,I1SD,10,13931,35.8,0.196233959,38.392,5404.400,3,2
$CH,172.000,I1SD,2,16501,39.5,3.807164960,490.211,81326.261,3,2
$CH,172.000,I1SD,6,14931,38.1,5.594632304,37.604,5660.640,3,2
$CH,172.000,I1SD,9,14161,41.5,9.165838251,58.080,8681.774,3,2
$LOG,172.020,PNTPOS ERROR,no observation data
$TIME,173.000,2025,4,23,15,57,21.071000,UTC
$CH,173.000,I1SD,3,16011,41.0,0.895281498,-61.102,-9770.010,3,2
$CH,173.000,I1SD,10,14031,35.8,0.196230818,39.240,5442.937,3,2
$CH,173.000,I1SD,6,15031,38.5,5.594612090,39.065,5698.443,3,2
$CH,173.000,I1SD,9,14261,41.7,9.165841146,57.719,8740.075,3,2
$CH,173.000,I1SD,2,16601,39.7,3.806875985,490.653,81817.264,3,2
$LOG,173.020,PNTPOS ERROR,no observation data
$LOG,171.990,I1SD,1,SIGNAL NOT FOUND (32.3)
$TIME,174.000,2025,4,23,15,57,22.362000,UTC
$CH,174.000,I1SD,10,14131,36.6,0.196202231,38.925,5481.472,3,2
$CH,174.000,I1SD,9,14361,41.2,9.165810537,57.822,8798.342,3,2
$CH,174.000,I1SD,6,15131,38.5,5.594526846,37.835,5736.268,3,2
$CH,174.000,I1SD,2,16701,40.1,3.806571363,491.535,82308.240,3,2
$CH,174.000,I1SD,3,16111,41.4,0.895323440,-60.973,-9831.096,3,2
$LOG,174.020,PNTPOS ERROR,no observation data
$TIME,175.000,2025,4,23,15,57,23.894000,UTC
$CH,175.000,I1SD,10,14231,37.2,0.196180108,39.696,5519.997,3,2
$CH,175.000,I1SD,6,15231,38.2,5.594478322,38.630,5774.067,3,2
$CH,175.000,I1SD,2,16801,40.3,3.806272981,491.439,82799.216,3,2
$CH,175.000,I1SD,9,14461,41.5,9.165692819,57.800,8856.562,3,2
$CH,175.000,I1SD,3,16211,41.5,0.895441286,-61.231,-9892.184,3,2
$LOG,175.020,PNTPOS ERROR,no observation data
$LOG,173.690,I1SD,4,SIGNAL NOT FOUND (31.9)
$TIME,176.000,2025,4,23,15,57,25.135000,UTC
$CH,176.000,I1SD,6,15331,37.2,5.594482026,37.822,5811.878,3,2
$CH,176.000,I1SD,3,16311,40.9,0.895440826,-61.197,-9953.274,3,2
$CH,176.000,I1SD,10,14331,37.0,0.196104235,37.988,5558.550,3,2
$CH,176.000,I1SD,9,14561,41.3,9.165677592,57.387,8914.738,3,2
$CH,176.000,I1SD,2,16901,39.9,3.805958524,491.362,83290.144,3,2
$LOG,176.020,PNTPOS ERROR,no observation data
$TIME,177.000,2025,4,23,15,57,26.336000,UTC
$CH,177.000,I1SD,6,15431,37.2,5.594480473,38.484,5849.680,3,2
$CH,177.000,I1SD,3,16411,41.2,0.895440287,-61.082,-10014.361,3,2
$CH,177.000,I1SD,2,17001,39.8,3.805638962,491.429,83781.060,3,2
$CH,177.000,I1SD,10,14431,36.7,0.196080460,38.261,5597.060,3,2
$CH,177.000,I1SD,9,14661,41.5,9.165680324,57.923,8972.865,3,2
$LOG,177.020,PNTPOS ERROR,no observation data
$LOG,175.390,I1SD,5,SIGNAL NOT FOUND (31.7)
$TIME,178.000,2025,4,23,15,57,27.435000,UTC
$CH,178.000,I1SD,2,17101,39.6,3.805330249,491.155,84271.962,3,2
$CH,178.000,I1SD,3,16511,41.3,0.895493391,-60.781,-10075.462,3,2
$CH,178.000,I1SD,9,14761,41.1,9.165654497,58.439,9030.955,3,2
$CH,178.000,I1SD,10,14531,36.8,0.196080277,38.799,5635.579,3,2
$CH,178.000,I1SD,6,15531,37.0,5.594479507,37.306,5887.515,3,2
$LOG,178.020,PNTPOS ERROR,no observation data
$TIME,179.000,2025,4,23,15,57,28.568000,UTC
$CH,179.000,I1SD,2,17201,39.4,3.805014317,490.963,84762.825,3,2
$CH,179.000,I1SD,3,16611,41.9,0.895600631,-61.326,-10136.552,3,2
$CH,179.000,I1SD,9,14861,42.0,9.165543037,57.882,9089.008,3,2
$CH,179.000,I1SD,6,15631,37.1,5.594458116,36.885,5925.305,3,2
$CH,179.000,I1SD,10,14631,36.3,0.196082578,38.851,5674.066,3,2
$LOG,177.290,I1SD,7,SIGNAL NOT FOUND (31.9)
$LOG,179.020,PNTPOS ERROR,no observation data
$TIME,180.000,2025,4,23,15,57,29.685000,UTC
$CH,180.000,I1SD,9,14961,42.0,9.165519469,57.715,9147.016,3,2
$CH,180.000,I1SD,6,15731,37.7,5.594394240,37.230,5963.102,3,2
$CH,180.000,I1SD,3,16711,41.2,0.895602684,-61.182,-10197.648,3,2
$CH,180.000,I1SD,2,17301,39.6,3.804695482,491.109,85253.674,3,2
$CH,180.000,I1SD,10,14731,36.2,0.196072751,38.507,5712.612,3,2
$LOG,180.020,PNTPOS ERROR,no observation data
$TIME,181.000,2025,4,23,15,57,30.807000,UTC
$CH,181.000,I1SD,2,17401,40.1,3.804373873,490.753,85744.511,3,2
$CH,181.000,I1SD,3,16811,41.5,0.895598920,-61.403,-10258.740,3,2
$CH,181.000,I1SD,10,14831,36.4,0.196019782,38.673,5751.111,3,2
$CH,181.000,I1SD,9,15061,41.4,9.165519109,57.977,9204.980,3,2
$CH,181.000,I1SD,6,15831,38.2,5.594319634,38.323,6000.911,3,2
$LOG,179.190,I1SD,8,SIGNAL NOT FOUND (32.1)
$LOG,181.020,PNTPOS ERROR,no observation data
$LOG,181.090,I1SD,11,SIGNAL NOT FOUND (32.3)
$LOG,3055.975,,0,END FILE=D:\Record_files\GPS_NavIC_L1C_131224_625.bin
