$LOG,0.000,,0,START FILE=C:\gnss\PocketSDR\sample\GPSL1C_Working.bin FS=4.000 FI=0.000 IQ=2 TOFF=2.000
$LOG,2.000,B1CD,1,SIGNAL NOT FOUND (31.5)
$LOG,2.000,B1CD,2,SIGNAL NOT FOUND (31.4)
$LOG,2.000,B1CD,3,SIGNAL NOT FOUND (32.8)
$LOG,2.000,B1CD,4,SIGNAL NOT FOUND (31.8)
$LOG,2.000,B1CD,5,SIGNAL NOT FOUND (32.5)
$LOG,2.000,B1CD,6,SIGNAL NOT FOUND (32.0)
$LOG,2.000,B1CD,7,SIGNAL NOT FOUND (31.8)
$LOG,2.000,B1CD,8,SIGNAL NOT FOUND (32.0)
$LOG,2.000,B1CD,9,SIGNAL NOT FOUND (31.9)
$LOG,2.000,B1CD,10,SIGNAL NOT FOUND (31.9)
$LOG,2.000,B1CD,11,SIGNAL NOT FOUND (31.6)
$LOG,2.000,B1CD,12,SIGNAL NOT FOUND (31.9)
$LOG,2.000,B1CD,13,SIGNAL NOT FOUND (32.1)
$LOG,2.000,B1CD,14,SIGNAL NOT FOUND (31.7)
$LOG,2.000,B1CD,15,SIGNAL NOT FOUND (32.1)
$LOG,2.000,B1CD,16,SIGNAL NOT FOUND (31.9)
$LOG,2.000,B1CD,17,SIGNAL NOT FOUND (31.7)
$LOG,2.000,B1CD,18,SIGNAL NOT FOUND (32.0)
$LOG,2.000,B1CD,19,SIGNAL NOT FOUND (31.7)
$LOG,2.000,B1CD,20,SIGNAL NOT FOUND (32.1)
$LOG,2.000,B1CD,21,SIGNAL NOT FOUND (31.7)
$LOG,2.000,B1CD,22,SIGNAL NOT FOUND (31.9)
$LOG,2.000,B1CD,23,SIGNAL NOT FOUND (31.5)
$LOG,2.000,B1CD,24,SIGNAL NOT FOUND (31.9)
$LOG,2.000,B1CD,25,SIGNAL NOT FOUND (32.4)
$LOG,2.000,B1CD,26,SIGNAL NOT FOUND (32.5)
$LOG,2.000,B1CD,27,SIGNAL NOT FOUND (31.9)
$LOG,2.000,B1CD,28,SIGNAL NOT FOUND (31.7)
$LOG,2.000,B1CD,29,SIGNAL NOT FOUND (32.3)
$LOG,2.000,B1CD,30,SIGNAL NOT FOUND (31.4)
$LOG,2.000,B1CD,31,SIGNAL NOT FOUND (31.6)
$LOG,2.000,B1CD,32,SIGNAL NOT FOUND (32.2)
$TIME,2024,1,30,6,17,2.818635
$TIME,2024,1,30,6,17,2.818635
$TIME,2024,1,30,6,17,2.828749
$TIME,2024,1,30,6,17,2.828749
$TIME,2024,1,30,6,17,2.828749
$TIME,2024,1,30,6,17,2.828749
$TIME,2024,1,30,6,17,2.828749
$TIME,2024,1,30,6,17,2.838736
$TIME,2024,1,30,6,17,2.838736
$TIME,2024,1,30,6,17,2.838736
$TIME,2024,1,30,6,17,2.838736
$TIME,2024,1,30,6,17,2.838736
$TIME,2024,1,30,6,17,2.848769
$TIME,2024,1,30,6,17,2.848769
$TIME,2024,1,30,6,17,2.848769
$TIME,2024,1,30,6,17,2.848769
$TIME,2024,1,30,6,17,2.848769
$TIME,2024,1,30,6,17,2.858637
$TIME,2024,1,30,6,17,2.858637
$TIME,2024,1,30,6,17,2.858637
$TIME,2024,1,30,6,17,2.858637
$TIME,2024,1,30,6,17,2.868748
$TIME,2024,1,30,6,17,2.868748
$TIME,2024,1,30,6,17,2.868748
$TIME,2024,1,30,6,17,2.868748
$TIME,2024,1,30,6,17,2.868748
$TIME,2024,1,30,6,17,2.868748
$TIME,2024,1,30,6,17,2.878679
$TIME,2024,1,30,6,17,2.878679
$TIME,2024,1,30,6,17,2.878679
$TIME,2024,1,30,6,17,2.878679
$TIME,2024,1,30,6,17,2.888188
$TIME,2024,1,30,6,17,2.888188
$TIME,2024,1,30,6,17,2.888188
$TIME,2024,1,30,6,17,2.888188
$TIME,2024,1,30,6,17,2.898208
$TIME,2024,1,30,6,17,2.898208
$TIME,2024,1,30,6,17,2.898208
$TIME,2024,1,30,6,17,2.898208
$TIME,2024,1,30,6,17,2.898208
$TIME,2024,1,30,6,17,2.908200
$TIME,2024,1,30,6,17,2.908200
$TIME,2024,1,30,6,17,2.908200
$TIME,2024,1,30,6,17,2.908200
$TIME,2024,1,30,6,17,2.908200
$TIME,2024,1,30,6,17,2.918199
$TIME,2024,1,30,6,17,2.918199
$TIME,2024,1,30,6,17,2.918199
$TIME,2024,1,30,6,17,2.918199
$TIME,2024,1,30,6,17,2.928199
$TIME,2024,1,30,6,17,2.928199
$TIME,2024,1,30,6,17,2.928199
$TIME,2024,1,30,6,17,2.928199
$TIME,2024,1,30,6,17,2.928199
$TIME,2024,1,30,6,17,2.938224
$TIME,2024,1,30,6,17,2.938224
$TIME,2024,1,30,6,17,2.938224
$TIME,2024,1,30,6,17,2.938224
$TIME,2024,1,30,6,17,2.938224
$TIME,2024,1,30,6,17,2.948227
$TIME,2024,1,30,6,17,2.948227
$TIME,2024,1,30,6,17,2.948227
$TIME,2024,1,30,6,17,2.948227
$TIME,2024,1,30,6,17,2.948227
$TIME,2024,1,30,6,17,2.958302
$TIME,2024,1,30,6,17,2.958302
$TIME,2024,1,30,6,17,2.958302
$TIME,2024,1,30,6,17,2.958302
$TIME,2024,1,30,6,17,2.968203
$TIME,2024,1,30,6,17,2.968203
$TIME,2024,1,30,6,17,2.968203
$TIME,2024,1,30,6,17,2.968203
$TIME,2024,1,30,6,17,2.968203
$TIME,2024,1,30,6,17,2.968203
$TIME,2024,1,30,6,17,2.978197
$TIME,2024,1,30,6,17,2.978197
$TIME,2024,1,30,6,17,2.978197
$TIME,2024,1,30,6,17,2.978197
$TIME,2024,1,30,6,17,2.988249
$TIME,2024,1,30,6,17,2.988249
$TIME,2024,1,30,6,17,2.988249
$TIME,2024,1,30,6,17,2.988249
$TIME,2024,1,30,6,17,2.988249
$TIME,2024,1,30,6,17,2.998298
$TIME,2024,1,30,6,17,2.998298
$TIME,2024,1,30,6,17,2.998298
$TIME,2024,1,30,6,17,2.998298
$TIME,2024,1,30,6,17,3.008264
$TIME,2024,1,30,6,17,3.008264
$TIME,2024,1,30,6,17,3.008264
$TIME,2024,1,30,6,17,3.008264
$TIME,2024,1,30,6,17,3.008264
$TIME,2024,1,30,6,17,3.018290
$TIME,2024,1,30,6,17,3.018290
$TIME,2024,1,30,6,17,3.018290
$TIME,2024,1,30,6,17,3.018290
$TIME,2024,1,30,6,17,3.018290
$TIME,2024,1,30,6,17,3.028344
$TIME,2024,1,30,6,17,3.028344
$TIME,2024,1,30,6,17,3.028344
$LOG,12.000,B1CD,2,SIGNAL NOT FOUND (32.2)
$TIME,2024,1,30,6,17,3.589664
$TIME,2024,1,30,6,17,3.599777
$TIME,2024,1,30,6,17,3.599777
$TIME,2024,1,30,6,17,3.599777
$TIME,2024,1,30,6,17,3.599777
$TIME,2024,1,30,6,17,3.599777
$TIME,2024,1,30,6,17,3.609793
$TIME,2024,1,30,6,17,3.609793
$TIME,2024,1,30,6,17,3.609793
$TIME,2024,1,30,6,17,3.619793
$TIME,2024,1,30,6,17,3.619793
$TIME,2024,1,30,6,17,3.619793
$TIME,2024,1,30,6,17,3.619793
$TIME,2024,1,30,6,17,3.629785
$TIME,2024,1,30,6,17,3.629785
$TIME,2024,1,30,6,17,3.629785
$TIME,2024,1,30,6,17,3.639676
$TIME,2024,1,30,6,17,3.639676
$TIME,2024,1,30,6,17,3.639676
$TIME,2024,1,30,6,17,3.649777
$TIME,2024,1,30,6,17,3.649777
$TIME,2024,1,30,6,17,3.649777
$TIME,2024,1,30,6,17,3.649777
$TIME,2024,1,30,6,17,3.649777
$TIME,2024,1,30,6,17,3.659702
$TIME,2024,1,30,6,17,3.659702
$TIME,2024,1,30,6,17,3.659702
$TIME,2024,1,30,6,17,3.659702
$TIME,2024,1,30,6,17,3.669795
$TIME,2024,1,30,6,17,3.669795
$TIME,2024,1,30,6,17,3.669795
$TIME,2024,1,30,6,17,3.679778
$TIME,2024,1,30,6,17,3.679778
$TIME,2024,1,30,6,17,3.679778
$TIME,2024,1,30,6,17,3.679778
$TIME,2024,1,30,6,17,3.689895
$TIME,2024,1,30,6,17,3.689895
$TIME,2024,1,30,6,17,3.689895
$TIME,2024,1,30,6,17,3.689895
$TIME,2024,1,30,6,17,3.700033
$TIME,2024,1,30,6,17,3.700033
$TIME,2024,1,30,6,17,3.700033
$TIME,2024,1,30,6,17,3.700033
$TIME,2024,1,30,6,17,3.710004
$TIME,2024,1,30,6,17,3.710004
$TIME,2024,1,30,6,17,3.710004
$TIME,2024,1,30,6,17,3.710004
$TIME,2024,1,30,6,17,3.719905
$TIME,2024,1,30,6,17,3.719905
$TIME,2024,1,30,6,17,3.719905
$TIME,2024,1,30,6,17,3.719905
$TIME,2024,1,30,6,17,3.729905
$TIME,2024,1,30,6,17,3.729905
$TIME,2024,1,30,6,17,3.729905
$TIME,2024,1,30,6,17,3.729905
$TIME,2024,1,30,6,17,3.739904
$TIME,2024,1,30,6,17,3.739904
$TIME,2024,1,30,6,17,3.739904
$TIME,2024,1,30,6,17,3.749914
$TIME,2024,1,30,6,17,3.749914
$TIME,2024,1,30,6,17,3.749914
$TIME,2024,1,30,6,17,3.759904
$TIME,2024,1,30,6,17,3.759904
$TIME,2024,1,30,6,17,3.759904
$TIME,2024,1,30,6,17,3.769910
$TIME,2024,1,30,6,17,3.769910
$TIME,2024,1,30,6,17,3.769910
$TIME,2024,1,30,6,17,3.779903
$TIME,2024,1,30,6,17,3.779903
$TIME,2024,1,30,6,17,3.779903
$TIME,2024,1,30,6,17,3.789913
$TIME,2024,1,30,6,17,3.789913
$TIME,2024,1,30,6,17,3.789913
$TIME,2024,1,30,6,17,3.789913
$TIME,2024,1,30,6,17,3.799935
$TIME,2024,1,30,6,17,3.799935
$TIME,2024,1,30,6,17,3.799935
$TIME,2024,1,30,6,17,3.799935
$TIME,2024,1,30,6,17,3.799935
$TIME,2024,1,30,6,17,3.809923
$TIME,2024,1,30,6,17,3.809923
$TIME,2024,1,30,6,17,3.809923
$TIME,2024,1,30,6,17,3.809923
$TIME,2024,1,30,6,17,3.819923
$TIME,2024,1,30,6,17,3.819923
$TIME,2024,1,30,6,17,3.819923
$TIME,2024,1,30,6,17,3.819923
$TIME,2024,1,30,6,17,3.829923
$TIME,2024,1,30,6,17,3.829923
$TIME,2024,1,30,6,17,3.839922
$TIME,2024,1,30,6,17,3.839922
$TIME,2024,1,30,6,17,3.839922
$TIME,2024,1,30,6,17,3.849969
$TIME,2024,1,30,6,17,3.849969
$TIME,2024,1,30,6,17,3.849969
$TIME,2024,1,30,6,17,3.849969
$TIME,2024,1,30,6,17,3.849969
$TIME,2024,1,30,6,17,3.860030
$TIME,2024,1,30,6,17,3.860030
$TIME,2024,1,30,6,17,3.860030
$LOG,22.000,B1CD,3,SIGNAL NOT FOUND (32.4)
$TIME,2024,1,30,6,17,4.431458
$TIME,2024,1,30,6,17,4.431458
$TIME,2024,1,30,6,17,4.431458
$TIME,2024,1,30,6,17,4.441456
$TIME,2024,1,30,6,17,4.441456
$TIME,2024,1,30,6,17,4.441456
$TIME,2024,1,30,6,17,4.441456
$TIME,2024,1,30,6,17,4.451464
$TIME,2024,1,30,6,17,4.451464
$TIME,2024,1,30,6,17,4.451464
$TIME,2024,1,30,6,17,4.461479
$TIME,2024,1,30,6,17,4.461479
$TIME,2024,1,30,6,17,4.461479
$TIME,2024,1,30,6,17,4.471462
$TIME,2024,1,30,6,17,4.471462
$TIME,2024,1,30,6,17,4.471462
$TIME,2024,1,30,6,17,4.481475
$TIME,2024,1,30,6,17,4.481475
$TIME,2024,1,30,6,17,4.481475
$TIME,2024,1,30,6,17,4.491557
$TIME,2024,1,30,6,17,4.491557
$TIME,2024,1,30,6,17,4.491557
$TIME,2024,1,30,6,17,4.501631
$TIME,2024,1,30,6,17,4.501631
$TIME,2024,1,30,6,17,4.501631
$TIME,2024,1,30,6,17,4.511684
$TIME,2024,1,30,6,17,4.511684
$TIME,2024,1,30,6,17,4.511684
$TIME,2024,1,30,6,17,4.511684
$TIME,2024,1,30,6,17,4.521592
$TIME,2024,1,30,6,17,4.521592
$TIME,2024,1,30,6,17,4.521592
$TIME,2024,1,30,6,17,4.521592
$TIME,2024,1,30,6,17,4.531588
$TIME,2024,1,30,6,17,4.531588
$TIME,2024,1,30,6,17,4.531588
$TIME,2024,1,30,6,17,4.531588
$TIME,2024,1,30,6,17,4.541582
$TIME,2024,1,30,6,17,4.541582
$TIME,2024,1,30,6,17,4.541582
$TIME,2024,1,30,6,17,4.541582
$TIME,2024,1,30,6,17,4.551589
$TIME,2024,1,30,6,17,4.551589
$TIME,2024,1,30,6,17,4.551589
$TIME,2024,1,30,6,17,4.551589
$TIME,2024,1,30,6,17,4.551589
$TIME,2024,1,30,6,17,4.561582
$TIME,2024,1,30,6,17,4.561582
$TIME,2024,1,30,6,17,4.561582
$TIME,2024,1,30,6,17,4.571583
$TIME,2024,1,30,6,17,4.571583
$TIME,2024,1,30,6,17,4.571583
$TIME,2024,1,30,6,17,4.571583
$TIME,2024,1,30,6,17,4.581597
$TIME,2024,1,30,6,17,4.581597
$TIME,2024,1,30,6,17,4.581597
$TIME,2024,1,30,6,17,4.581597
$TIME,2024,1,30,6,17,4.581597
$TIME,2024,1,30,6,17,4.591607
$TIME,2024,1,30,6,17,4.591607
$TIME,2024,1,30,6,17,4.591607
$TIME,2024,1,30,6,17,4.601660
$TIME,2024,1,30,6,17,4.601660
$TIME,2024,1,30,6,17,4.601660
$TIME,2024,1,30,6,17,4.601660
$TIME,2024,1,30,6,17,4.601660
$TIME,2024,1,30,6,17,4.611698
$TIME,2024,1,30,6,17,4.611698
$TIME,2024,1,30,6,17,4.611698
$TIME,2024,1,30,6,17,4.611698
$TIME,2024,1,30,6,17,4.621615
$TIME,2024,1,30,6,17,4.621615
$TIME,2024,1,30,6,17,4.621615
$TIME,2024,1,30,6,17,4.621615
$TIME,2024,1,30,6,17,4.631621
$TIME,2024,1,30,6,17,4.631621
$TIME,2024,1,30,6,17,4.631621
$TIME,2024,1,30,6,17,4.631621
$TIME,2024,1,30,6,17,4.631621
$TIME,2024,1,30,6,17,4.641617
$TIME,2024,1,30,6,17,4.641617
$TIME,2024,1,30,6,17,4.641617
$TIME,2024,1,30,6,17,4.641617
$TIME,2024,1,30,6,17,4.651617
$TIME,2024,1,30,6,17,4.651617
$TIME,2024,1,30,6,17,4.651617
$TIME,2024,1,30,6,17,4.651617
$TIME,2024,1,30,6,17,4.661616
$TIME,2024,1,30,6,17,4.661616
$TIME,2024,1,30,6,17,4.661616
$TIME,2024,1,30,6,17,4.661616
$TIME,2024,1,30,6,17,4.671616
$TIME,2024,1,30,6,17,4.671616
$TIME,2024,1,30,6,17,4.671616
$TIME,2024,1,30,6,17,4.671616
$TIME,2024,1,30,6,17,4.681649
$TIME,2024,1,30,6,17,4.681649
$TIME,2024,1,30,6,17,4.681649
$TIME,2024,1,30,6,17,4.681649
$TIME,2024,1,30,6,17,4.691695
$LOG,32.000,B1CD,4,SIGNAL NOT FOUND (31.8)
$TIME,2024,1,30,6,17,5.252700
$TIME,2024,1,30,6,17,5.262765
$TIME,2024,1,30,6,17,5.262765
$TIME,2024,1,30,6,17,5.262765
$TIME,2024,1,30,6,17,5.272724
$TIME,2024,1,30,6,17,5.272724
$TIME,2024,1,30,6,17,5.272724
$TIME,2024,1,30,6,17,5.272724
$TIME,2024,1,30,6,17,5.282780
$TIME,2024,1,30,6,17,5.282780
$TIME,2024,1,30,6,17,5.282780
$TIME,2024,1,30,6,17,5.282780
$TIME,2024,1,30,6,17,5.292929
$TIME,2024,1,30,6,17,5.292929
$TIME,2024,1,30,6,17,5.298816
$TIME,2024,1,30,6,17,5.298816
$TIME,2024,1,30,6,17,5.298816
$TIME,2024,1,30,6,17,5.298816
$TIME,2024,1,30,6,17,5.308819
$TIME,2024,1,30,6,17,5.308819
$TIME,2024,1,30,6,17,5.308819
$TIME,2024,1,30,6,17,5.308819
$TIME,2024,1,30,6,17,5.318847
$TIME,2024,1,30,6,17,5.318847
$TIME,2024,1,30,6,17,5.318847
$TIME,2024,1,30,6,17,5.328820
$TIME,2024,1,30,6,17,5.328820
$TIME,2024,1,30,6,17,5.328820
$TIME,2024,1,30,6,17,5.328820
$TIME,2024,1,30,6,17,5.338849
$TIME,2024,1,30,6,17,5.338849
$TIME,2024,1,30,6,17,5.338849
$TIME,2024,1,30,6,17,5.338849
$TIME,2024,1,30,6,17,5.348832
$TIME,2024,1,30,6,17,5.348832
$TIME,2024,1,30,6,17,5.348832
$TIME,2024,1,30,6,17,5.348832
$TIME,2024,1,30,6,17,5.358820
$TIME,2024,1,30,6,17,5.358820
$TIME,2024,1,30,6,17,5.358820
$TIME,2024,1,30,6,17,5.358820
$TIME,2024,1,30,6,17,5.368877
$TIME,2024,1,30,6,17,5.368877
$TIME,2024,1,30,6,17,5.368877
$TIME,2024,1,30,6,17,5.368877
$TIME,2024,1,30,6,17,5.378820
$TIME,2024,1,30,6,17,5.378820
$TIME,2024,1,30,6,17,5.378820
$TIME,2024,1,30,6,17,5.378820
$TIME,2024,1,30,6,17,5.388936
$TIME,2024,1,30,6,17,5.388936
$TIME,2024,1,30,6,17,5.392944
$TIME,2024,1,30,6,17,5.392944
$TIME,2024,1,30,6,17,5.398954
$TIME,2024,1,30,6,17,5.398954
$TIME,2024,1,30,6,17,5.398954
$TIME,2024,1,30,6,17,5.398954
$TIME,2024,1,30,6,17,5.408964
$TIME,2024,1,30,6,17,5.408964
$TIME,2024,1,30,6,17,5.408964
$TIME,2024,1,30,6,17,5.408964
$TIME,2024,1,30,6,17,5.419070
$TIME,2024,1,30,6,17,5.419070
$TIME,2024,1,30,6,17,5.419070
$TIME,2024,1,30,6,17,5.419070
$TIME,2024,1,30,6,17,5.428964
$TIME,2024,1,30,6,17,5.428964
$TIME,2024,1,30,6,17,5.428964
$TIME,2024,1,30,6,17,5.428964
$TIME,2024,1,30,6,17,5.439077
$TIME,2024,1,30,6,17,5.439077
$TIME,2024,1,30,6,17,5.439077
$TIME,2024,1,30,6,17,5.439077
$TIME,2024,1,30,6,17,5.448974
$TIME,2024,1,30,6,17,5.448974
$TIME,2024,1,30,6,17,5.448974
$TIME,2024,1,30,6,17,5.448974
$TIME,2024,1,30,6,17,5.458963
$TIME,2024,1,30,6,17,5.458963
$TIME,2024,1,30,6,17,5.458963
$TIME,2024,1,30,6,17,5.458963
$TIME,2024,1,30,6,17,5.458963
$TIME,2024,1,30,6,17,5.468965
$TIME,2024,1,30,6,17,5.468965
$TIME,2024,1,30,6,17,5.468965
$TIME,2024,1,30,6,17,5.468965
$TIME,2024,1,30,6,17,5.478964
$TIME,2024,1,30,6,17,5.478964
$TIME,2024,1,30,6,17,5.478964
$TIME,2024,1,30,6,17,5.478964
$TIME,2024,1,30,6,17,5.489005
$TIME,2024,1,30,6,17,5.489005
$TIME,2024,1,30,6,17,5.493043
$TIME,2024,1,30,6,17,5.493043
$TIME,2024,1,30,6,17,5.499232
$TIME,2024,1,30,6,17,5.499232
$TIME,2024,1,30,6,17,5.499232
$TIME,2024,1,30,6,17,5.499232
$TIME,2024,1,30,6,17,5.509354
$TIME,2024,1,30,6,17,5.509354
$LOG,42.000,B1CD,5,SIGNAL NOT FOUND (32.0)
$TIME,2024,1,30,6,17,6.081869
$TIME,2024,1,30,6,17,6.081869
$TIME,2024,1,30,6,17,6.095079
$TIME,2024,1,30,6,17,6.095079
$TIME,2024,1,30,6,17,6.095079
$TIME,2024,1,30,6,17,6.102202
$TIME,2024,1,30,6,17,6.102202
$TIME,2024,1,30,6,17,6.102202
$TIME,2024,1,30,6,17,6.102202
$TIME,2024,1,30,6,17,6.112331
$TIME,2024,1,30,6,17,6.112331
$TIME,2024,1,30,6,17,6.112331
$TIME,2024,1,30,6,17,6.122213
$TIME,2024,1,30,6,17,6.122213
$TIME,2024,1,30,6,17,6.122213
$TIME,2024,1,30,6,17,6.132212
$TIME,2024,1,30,6,17,6.132212
$TIME,2024,1,30,6,17,6.132212
$TIME,2024,1,30,6,17,6.132212
$TIME,2024,1,30,6,17,6.142217
$TIME,2024,1,30,6,17,6.142217
$TIME,2024,1,30,6,17,6.142217
$TIME,2024,1,30,6,17,6.152225
$TIME,2024,1,30,6,17,6.152225
$TIME,2024,1,30,6,17,6.152225
$TIME,2024,1,30,6,17,6.152225
$TIME,2024,1,30,6,17,6.162212
$TIME,2024,1,30,6,17,6.162212
$TIME,2024,1,30,6,17,6.162212
$TIME,2024,1,30,6,17,6.162212
$TIME,2024,1,30,6,17,6.172212
$TIME,2024,1,30,6,17,6.172212
$TIME,2024,1,30,6,17,6.172212
$TIME,2024,1,30,6,17,6.172212
$TIME,2024,1,30,6,17,6.182213
$TIME,2024,1,30,6,17,6.182213
$TIME,2024,1,30,6,17,6.182213
$TIME,2024,1,30,6,17,6.182213
$TIME,2024,1,30,6,17,6.192227
$TIME,2024,1,30,6,17,6.195239
$TIME,2024,1,30,6,17,6.195239
$TIME,2024,1,30,6,17,6.195239
$TIME,2024,1,30,6,17,6.202259
$TIME,2024,1,30,6,17,6.202259
$TIME,2024,1,30,6,17,6.202259
$TIME,2024,1,30,6,17,6.202259
$TIME,2024,1,30,6,17,6.212281
$TIME,2024,1,30,6,17,6.212281
$TIME,2024,1,30,6,17,6.212281
$TIME,2024,1,30,6,17,6.212281
$TIME,2024,1,30,6,17,6.222318
$TIME,2024,1,30,6,17,6.222318
$TIME,2024,1,30,6,17,6.222318
$TIME,2024,1,30,6,17,6.222318
$TIME,2024,1,30,6,17,6.232453
$TIME,2024,1,30,6,17,6.232453
$TIME,2024,1,30,6,17,6.232453
$TIME,2024,1,30,6,17,6.232453
$TIME,2024,1,30,6,17,6.242425
$TIME,2024,1,30,6,17,6.242425
$TIME,2024,1,30,6,17,6.242425
$TIME,2024,1,30,6,17,6.252385
$TIME,2024,1,30,6,17,6.252385
$TIME,2024,1,30,6,17,6.252385
$TIME,2024,1,30,6,17,6.252385
$TIME,2024,1,30,6,17,6.262393
$TIME,2024,1,30,6,17,6.262393
$TIME,2024,1,30,6,17,6.262393
$TIME,2024,1,30,6,17,6.272375
$TIME,2024,1,30,6,17,6.272375
$TIME,2024,1,30,6,17,6.272375
$TIME,2024,1,30,6,17,6.282308
$TIME,2024,1,30,6,17,6.282308
$TIME,2024,1,30,6,17,6.282308
$TIME,2024,1,30,6,17,6.282308
$TIME,2024,1,30,6,17,6.292467
$TIME,2024,1,30,6,17,6.295589
$TIME,2024,1,30,6,17,6.295589
$TIME,2024,1,30,6,17,6.302598
$TIME,2024,1,30,6,17,6.302598
$TIME,2024,1,30,6,17,6.302598
$TIME,2024,1,30,6,17,6.312723
$TIME,2024,1,30,6,17,6.312723
$TIME,2024,1,30,6,17,6.312723
$TIME,2024,1,30,6,17,6.322712
$TIME,2024,1,30,6,17,6.322712
$TIME,2024,1,30,6,17,6.322712
$TIME,2024,1,30,6,17,6.332620
$TIME,2024,1,30,6,17,6.332620
$TIME,2024,1,30,6,17,6.332620
$TIME,2024,1,30,6,17,6.332620
$TIME,2024,1,30,6,17,6.342670
$TIME,2024,1,30,6,17,6.342670
$TIME,2024,1,30,6,17,6.342670
$TIME,2024,1,30,6,17,6.342670
$TIME,2024,1,30,6,17,6.352737
$TIME,2024,1,30,6,17,6.352737
$TIME,2024,1,30,6,17,6.352737
$TIME,2024,1,30,6,17,6.352737
$TIME,2024,1,30,6,17,6.352737
$LOG,52.000,B1CD,6,SIGNAL NOT FOUND (31.8)
$TIME,2024,1,30,6,17,6.925258
$TIME,2024,1,30,6,17,6.925258
$TIME,2024,1,30,6,17,6.935197
$TIME,2024,1,30,6,17,6.935197
$TIME,2024,1,30,6,17,6.935197
$TIME,2024,1,30,6,17,6.935197
$TIME,2024,1,30,6,17,6.935197
$TIME,2024,1,30,6,17,6.935197
$TIME,2024,1,30,6,17,6.945231
$TIME,2024,1,30,6,17,6.945231
$TIME,2024,1,30,6,17,6.945231
$TIME,2024,1,30,6,17,6.945231
$TIME,2024,1,30,6,17,6.945231
$TIME,2024,1,30,6,17,6.955171
$TIME,2024,1,30,6,17,6.955171
$TIME,2024,1,30,6,17,6.955171
$TIME,2024,1,30,6,17,6.955171
$TIME,2024,1,30,6,17,6.955171
$TIME,2024,1,30,6,17,6.965268
$TIME,2024,1,30,6,17,6.965268
$TIME,2024,1,30,6,17,6.965268
$TIME,2024,1,30,6,17,6.965268
$TIME,2024,1,30,6,17,6.965268
$TIME,2024,1,30,6,17,6.975240
$TIME,2024,1,30,6,17,6.975240
$TIME,2024,1,30,6,17,6.975240
$TIME,2024,1,30,6,17,6.975240
$TIME,2024,1,30,6,17,6.975240
$TIME,2024,1,30,6,17,6.985226
$TIME,2024,1,30,6,17,6.985226
$TIME,2024,1,30,6,17,6.985226
$TIME,2024,1,30,6,17,6.985226
$TIME,2024,1,30,6,17,6.985226
$TIME,2024,1,30,6,17,6.996403
$TIME,2024,1,30,6,17,6.996403
$TIME,2024,1,30,6,17,6.996403
$TIME,2024,1,30,6,17,6.996403
$TIME,2024,1,30,6,17,7.005524
$TIME,2024,1,30,6,17,7.005524
$TIME,2024,1,30,6,17,7.005524
$TIME,2024,1,30,6,17,7.005524
$TIME,2024,1,30,6,17,7.015544
$TIME,2024,1,30,6,17,7.015544
$TIME,2024,1,30,6,17,7.015544
$TIME,2024,1,30,6,17,7.015544
$TIME,2024,1,30,6,17,7.025533
$TIME,2024,1,30,6,17,7.025533
$TIME,2024,1,30,6,17,7.025533
$TIME,2024,1,30,6,17,7.025533
$TIME,2024,1,30,6,17,7.035542
$TIME,2024,1,30,6,17,7.035542
$TIME,2024,1,30,6,17,7.035542
$TIME,2024,1,30,6,17,7.035542
$TIME,2024,1,30,6,17,7.035542
$TIME,2024,1,30,6,17,7.045534
$TIME,2024,1,30,6,17,7.045534
$TIME,2024,1,30,6,17,7.045534
$TIME,2024,1,30,6,17,7.045534
$TIME,2024,1,30,6,17,7.055558
$TIME,2024,1,30,6,17,7.055558
$TIME,2024,1,30,6,17,7.055558
$TIME,2024,1,30,6,17,7.055558
$TIME,2024,1,30,6,17,7.055558
$TIME,2024,1,30,6,17,7.065561
$TIME,2024,1,30,6,17,7.065561
$TIME,2024,1,30,6,17,7.065561
$TIME,2024,1,30,6,17,7.065561
$TIME,2024,1,30,6,17,7.065561
$TIME,2024,1,30,6,17,7.075534
$TIME,2024,1,30,6,17,7.075534
$TIME,2024,1,30,6,17,7.075534
$TIME,2024,1,30,6,17,7.075534
$TIME,2024,1,30,6,17,7.085645
$TIME,2024,1,30,6,17,7.085645
$TIME,2024,1,30,6,17,7.085645
$TIME,2024,1,30,6,17,7.085645
$TIME,2024,1,30,6,17,7.085645
$TIME,2024,1,30,6,17,7.096290
$TIME,2024,1,30,6,17,7.096290
$TIME,2024,1,30,6,17,7.096290
$TIME,2024,1,30,6,17,7.096290
$TIME,2024,1,30,6,17,7.105907
$TIME,2024,1,30,6,17,7.105907
$TIME,2024,1,30,6,17,7.105907
$TIME,2024,1,30,6,17,7.105907
$TIME,2024,1,30,6,17,7.105907
$TIME,2024,1,30,6,17,7.115932
$TIME,2024,1,30,6,17,7.115932
$TIME,2024,1,30,6,17,7.115932
$TIME,2024,1,30,6,17,7.115932
$TIME,2024,1,30,6,17,7.115932
$TIME,2024,1,30,6,17,7.126020
$TIME,2024,1,30,6,17,7.126020
$TIME,2024,1,30,6,17,7.126020
$TIME,2024,1,30,6,17,7.126020
$TIME,2024,1,30,6,17,7.135948
$TIME,2024,1,30,6,17,7.135948
$TIME,2024,1,30,6,17,7.135948
$TIME,2024,1,30,6,17,7.135948
$TIME,2024,1,30,6,17,7.135948
$LOG,62.000,B1CD,7,SIGNAL NOT FOUND (31.4)
$TIME,2024,1,30,6,17,7.757196
$TIME,2024,1,30,6,17,7.757196
$TIME,2024,1,30,6,17,7.767079
$TIME,2024,1,30,6,17,7.767079
$TIME,2024,1,30,6,17,7.767079
$TIME,2024,1,30,6,17,7.767079
$TIME,2024,1,30,6,17,7.767079
$TIME,2024,1,30,6,17,7.767079
$TIME,2024,1,30,6,17,7.777085
$TIME,2024,1,30,6,17,7.777085
$TIME,2024,1,30,6,17,7.777085
$TIME,2024,1,30,6,17,7.777085
$TIME,2024,1,30,6,17,7.777085
$TIME,2024,1,30,6,17,7.787120
$TIME,2024,1,30,6,17,7.787120
$TIME,2024,1,30,6,17,7.787120
$TIME,2024,1,30,6,17,7.787120
$TIME,2024,1,30,6,17,7.797242
$TIME,2024,1,30,6,17,7.797242
$TIME,2024,1,30,6,17,7.797242
$TIME,2024,1,30,6,17,7.797242
$TIME,2024,1,30,6,17,7.797242
$TIME,2024,1,30,6,17,7.807365
$TIME,2024,1,30,6,17,7.807365
$TIME,2024,1,30,6,17,7.807365
$TIME,2024,1,30,6,17,7.807365
$TIME,2024,1,30,6,17,7.817368
$TIME,2024,1,30,6,17,7.817368
$TIME,2024,1,30,6,17,7.817368
$TIME,2024,1,30,6,17,7.817368
$TIME,2024,1,30,6,17,7.817368
$TIME,2024,1,30,6,17,7.827252
$TIME,2024,1,30,6,17,7.827252
$TIME,2024,1,30,6,17,7.827252
$TIME,2024,1,30,6,17,7.827252
$TIME,2024,1,30,6,17,7.837252
$TIME,2024,1,30,6,17,7.837252
$TIME,2024,1,30,6,17,7.837252
$TIME,2024,1,30,6,17,7.837252
$TIME,2024,1,30,6,17,7.837252
$TIME,2024,1,30,6,17,7.847270
$TIME,2024,1,30,6,17,7.847270
$TIME,2024,1,30,6,17,7.847270
$TIME,2024,1,30,6,17,7.847270
$TIME,2024,1,30,6,17,7.857252
$TIME,2024,1,30,6,17,7.857252
$TIME,2024,1,30,6,17,7.857252
$LOG,23.334,,0,END FILE=C:\gnss\PocketSDR\sample\GPSL1C_Working.bin
