$LOG,0.000,,0,START FILE=C:\gnss\PocketSDR\sample\NavIC_L1_SPS_BOC1_1_IF_samples\NavIC_L1_IF_samples\NavIC3.bin FS=18.548 FI=5.420 IQ=1 TOFF=0.000
$LOG,0.000,I1SD,10,SIGNAL FOUND (50.4,814.5,0.0017358)
$LOG,0.000,I1SD,11,SIGNAL FOUND (50.7,754.9,0.0076399)
$LOG,0.000,I1SD,12,SIGNAL FOUND (49.7,660.9,0.0081692)
$LOG,0.000,I1SD,13,SIGNAL FOUND (50.2,492.9,0.0018468)
$LOG,0.000,I1SD,14,SIGNAL FOUND (50.9,654.7,0.0053445)
$TIME,2024,3,11,10,9,39.364346
$CH,0.000,I1SD,10,0,50.4,1.735784357,814.465,0.000,0,0
$CH,0.000,I1SD,11,0,50.7,7.639909605,754.942,0.000,0,0
$CH,0.000,I1SD,12,0,49.7,8.169227869,660.935,0.000,0,0
$CH,0.000,I1SD,13,0,50.2,1.846845227,492.884,0.000,0,0
$CH,0.000,I1SD,14,0,50.9,5.344507854,654.741,0.000,0,0
$TIME,2024,3,11,10,9,39.553829
$CH,0.100,I1SD,10,10,50.4,1.735749007,792.837,79.983,0,0
$CH,0.100,I1SD,11,10,50.7,7.639879376,732.853,74.168,0,0
$CH,0.100,I1SD,12,10,49.7,8.169202288,643.276,64.961,0,0
$CH,0.100,I1SD,13,10,50.2,1.846831028,515.009,50.624,0,0
$CH,0.100,I1SD,14,10,50.9,5.344482761,634.687,64.058,0,0
$TIME,2024,3,11,10,9,39.715595
$CH,0.200,I1SD,10,20,50.4,1.735724350,785.347,159.099,0,0
$CH,0.200,I1SD,11,20,50.7,7.639862572,724.682,147.360,0,0
$CH,0.200,I1SD,12,20,49.7,8.169189549,636.748,129.127,0,0
$CH,0.200,I1SD,13,20,50.2,1.846825646,520.675,102.152,0,0
$CH,0.200,I1SD,14,20,50.9,5.344472794,627.491,127.252,0,0
$TIME,2024,3,11,10,9,39.865531
$CH,0.300,I1SD,10,30,50.4,1.735699624,766.348,236.829,0,0
$CH,0.300,I1SD,11,30,50.7,7.639829927,718.353,219.231,0,0
$CH,0.300,I1SD,12,30,49.7,8.169176195,637.801,193.017,0,0
$CH,0.300,I1SD,13,30,50.2,1.846824124,484.150,152.538,0,0
$CH,0.300,I1SD,14,30,50.9,5.344453858,619.355,189.537,0,0
$TIME,2024,3,11,10,9,40.009253
$CH,0.400,I1SD,10,40,50.4,1.735650438,754.930,313.895,0,0
$CH,0.400,I1SD,11,40,50.7,7.639776128,709.763,292.253,0,0
$CH,0.400,I1SD,12,40,49.7,8.169133483,633.520,256.864,0,0
$CH,0.400,I1SD,13,40,50.2,1.846781370,498.446,201.745,0,0
$CH,0.400,I1SD,14,40,50.9,5.344406373,645.068,252.265,0,0
$TIME,2024,3,11,10,9,40.143911
$CH,0.500,I1SD,10,50,50.4,1.735605373,749.067,389.986,0,0
$CH,0.500,I1SD,11,50,50.7,7.639723319,712.276,364.264,0,0
$CH,0.500,I1SD,12,50,49.7,8.169089755,608.258,318.329,0,0
$CH,0.500,I1SD,13,50,50.2,1.846756700,492.246,251.407,0,0
$CH,0.500,I1SD,14,50,50.9,5.344379631,619.255,315.419,0,0
$TIME,2024,3,11,10,9,40.283413
$CH,0.600,I1SD,10,60,50.4,1.735551010,748.339,464.575,0,0
$CH,0.600,I1SD,11,60,50.7,7.639680519,713.298,435.501,0,0
$CH,0.600,I1SD,12,60,49.7,8.169044646,606.000,379.051,0,0
$CH,0.600,I1SD,13,60,50.2,1.846732510,498.097,300.883,0,0
$CH,0.600,I1SD,14,60,50.9,5.344337416,615.162,377.284,0,0
$TIME,2024,3,11,10,9,40.431186
$CH,0.700,I1SD,10,70,50.4,1.735488404,748.270,539.554,0,0
$CH,0.700,I1SD,11,70,50.7,7.639633186,706.339,506.640,0,0
$CH,0.700,I1SD,12,70,49.7,8.169007776,602.820,439.728,0,0
$CH,0.700,I1SD,13,70,50.2,1.846701411,498.264,350.691,0,0
$CH,0.700,I1SD,14,70,50.9,5.344306811,620.119,438.862,0,0
$TIME,2024,3,11,10,9,40.588839
$CH,0.800,I1SD,10,80,50.4,1.735441572,744.290,614.351,0,0
$CH,0.800,I1SD,11,80,50.7,7.639595688,700.067,576.985,0,0
$CH,0.800,I1SD,12,80,49.7,8.168972976,600.762,499.943,0,0
$CH,0.800,I1SD,13,80,50.2,1.846662707,492.769,400.244,0,0
$CH,0.800,I1SD,14,80,50.9,5.344271954,620.806,501.116,0,0
$TIME,2024,3,11,10,9,40.729771
$CH,0.900,I1SD,10,90,50.4,1.735397289,742.170,688.689,0,0
$CH,0.900,I1SD,11,90,50.7,7.639552489,699.633,647.078,0,0
$CH,0.900,I1SD,12,90,49.7,8.168939535,597.205,559.938,0,0
$CH,0.900,I1SD,13,90,50.2,1.846633392,488.470,449.108,0,0
$CH,0.900,I1SD,14,90,50.9,5.344227835,618.974,563.237,0,0
$TIME,2024,3,11,10,9,40.876063
$CH,1.000,I1SD,10,100,43.8,1.735360265,743.963,762.944,0,0
$CH,1.000,I1SD,11,100,43.1,7.639519271,704.469,717.160,0,0
$CH,1.000,I1SD,12,100,42.9,8.168893477,596.744,619.636,0,0
$CH,1.000,I1SD,13,100,43.5,1.846599754,489.181,498.193,0,0
$CH,1.000,I1SD,14,100,43.6,5.344185474,618.438,625.117,0,0
$TIME,2024,3,11,10,9,41.015783
$CH,1.100,I1SD,10,110,43.8,1.735306269,739.188,837.271,0,0
$CH,1.100,I1SD,11,110,43.1,7.639461480,710.495,787.599,0,0
$CH,1.100,I1SD,12,110,42.9,8.168856363,595.854,679.355,0,0
$CH,1.100,I1SD,13,110,43.5,1.846571431,490.005,547.038,0,0
$CH,1.100,I1SD,14,110,43.6,5.344152639,614.058,686.883,0,0
$TIME,2024,3,11,10,9,41.152994
$CH,1.200,I1SD,10,120,43.8,1.735256728,746.268,911.261,0,0
$CH,1.200,I1SD,11,120,43.1,7.639412991,704.543,858.233,0,0
$CH,1.200,I1SD,12,120,42.9,8.168819458,590.613,738.753,0,0
$CH,1.200,I1SD,13,120,43.5,1.846552220,487.518,595.740,0,0
$CH,1.200,I1SD,14,120,43.6,5.344118347,622.630,748.410,0,0
$TIME,2024,3,11,10,9,41.287724
$CH,1.300,I1SD,10,130,43.8,1.735204593,736.943,985.410,0,0
$CH,1.300,I1SD,11,130,43.1,7.639371213,708.663,929.045,0,0
$CH,1.300,I1SD,12,130,42.9,8.168787002,589.778,798.302,0,0
$CH,1.300,I1SD,13,130,43.5,1.846516081,493.466,644.621,0,0
$CH,1.300,I1SD,14,130,43.6,5.344087943,615.468,810.580,0,0
$TIME,2024,3,11,10,9,41.424453
$CH,1.400,I1SD,10,140,43.8,1.735161230,736.484,1059.307,0,0
$CH,1.400,I1SD,11,140,43.1,7.639326764,700.918,999.845,0,0
$CH,1.400,I1SD,12,140,42.9,8.168744869,591.871,857.789,0,0
$CH,1.400,I1SD,13,140,43.5,1.846481082,487.246,694.074,0,0
$CH,1.400,I1SD,14,140,43.6,5.344059076,612.946,872.225,0,0
$TIME,2024,3,11,10,9,41.559917
$CH,1.500,I1SD,10,150,43.8,1.735108661,735.243,1133.152,0,0
$CH,1.500,I1SD,11,150,43.1,7.639275949,714.180,1070.727,0,0
$CH,1.500,I1SD,12,150,42.9,8.168712738,594.633,916.883,0,0
$CH,1.500,I1SD,13,150,43.5,1.846439081,501.010,743.530,0,0
$CH,1.500,I1SD,14,150,43.6,5.344021103,614.794,933.901,0,0
$TIME,2024,3,11,10,9,41.698856
$CH,1.600,I1SD,10,160,43.8,1.735068997,743.599,1207.098,0,0
$CH,1.600,I1SD,11,160,43.1,7.639227522,709.489,1141.860,0,0
$CH,1.600,I1SD,12,160,42.9,8.168683413,586.659,975.691,0,0
$CH,1.600,I1SD,13,160,43.5,1.846411088,492.172,792.897,0,0
$CH,1.600,I1SD,14,160,43.6,5.343985160,616.196,995.734,0,0
$TIME,2024,3,11,10,9,41.836997
$CH,1.700,I1SD,10,170,43.8,1.735010939,738.235,1280.996,0,0
$CH,1.700,I1SD,11,170,43.1,7.639175496,707.369,1212.756,0,0
$CH,1.700,I1SD,12,170,42.9,8.168648851,584.656,1034.757,0,0
$CH,1.700,I1SD,13,170,43.5,1.846382829,494.003,842.336,0,0
$CH,1.700,I1SD,14,170,43.6,5.343941684,623.912,1057.625,0,0
$TIME,2024,3,11,10,9,41.973677
$CH,1.800,I1SD,10,180,43.8,1.734973519,741.948,1354.628,0,0
$CH,1.800,I1SD,11,180,43.1,7.639134356,705.854,1283.551,0,0
$CH,1.800,I1SD,12,180,42.9,8.168618878,592.731,1093.216,0,0
$CH,1.800,I1SD,13,180,43.5,1.846354501,488.757,891.854,0,0
$CH,1.800,I1SD,14,180,43.6,5.343912709,617.896,1119.640,0,0
$TIME,2024,3,11,10,9,42.109448
$CH,1.900,I1SD,10,190,43.8,1.734910154,746.863,1428.804,0,0
$CH,1.900,I1SD,11,190,43.1,7.639102439,713.743,1354.352,0,0
$CH,1.900,I1SD,12,190,42.9,8.168582305,581.399,1152.020,0,0
$CH,1.900,I1SD,13,190,43.5,1.846329323,496.307,941.267,0,0
$CH,1.900,I1SD,14,190,43.6,5.343869152,615.277,1181.804,0,0
$LOG,2.000,I1SD,10,SIGNAL LOST (I1SD, 31.4)
$LOG,2.000,I1SD,11,SIGNAL LOST (I1SD, 31.2)
$LOG,2.000,I1SD,12,SIGNAL LOST (I1SD, 31.7)
$LOG,2.000,I1SD,13,SIGNAL LOST (I1SD, 31.5)
$LOG,2.000,I1SD,14,SIGNAL LOST (I1SD, 31.5)
$TIME,2024,3,11,10,9,42.246811
$TIME,2024,3,11,10,9,42.252754
$TIME,2024,3,11,10,9,42.257763
$TIME,2024,3,11,10,9,42.262859
$TIME,2024,3,11,10,9,42.267865
$TIME,2024,3,11,10,9,42.273813
$TIME,2024,3,11,10,9,42.279761
$TIME,2024,3,11,10,9,42.285761
$TIME,2024,3,11,10,9,42.292762
$TIME,2024,3,11,10,9,42.299165
$TIME,2024,3,11,10,9,42.305172
$TIME,2024,3,11,10,9,42.312175
$TIME,2024,3,11,10,9,42.319172
$TIME,2024,3,11,10,9,42.325281
$TIME,2024,3,11,10,9,42.332222
$TIME,2024,3,11,10,9,42.338688
$TIME,2024,3,11,10,9,42.345766
$TIME,2024,3,11,10,9,42.351687
$TIME,2024,3,11,10,9,42.357688
$TIME,2024,3,11,10,9,42.364687
$TIME,2024,3,11,10,9,42.370782
$TIME,2024,3,11,10,9,42.377687
$TIME,2024,3,11,10,9,42.382711
$TIME,2024,3,11,10,9,42.390203
$TIME,2024,3,11,10,9,42.395863
$TIME,2024,3,11,10,9,42.402822
$TIME,2024,3,11,10,9,42.407855
$TIME,2024,3,11,10,9,42.413821
$TIME,2024,3,11,10,9,42.419931
$TIME,2024,3,11,10,9,42.425932
$TIME,2024,3,11,10,9,42.432830
$TIME,2024,3,11,10,9,42.439014
$TIME,2024,3,11,10,9,42.444119
$TIME,2024,3,11,10,9,42.451121
$TIME,2024,3,11,10,9,42.457021
$TIME,2024,3,11,10,9,42.464020
$TIME,2024,3,11,10,9,42.470021
$TIME,2024,3,11,10,9,42.476119
$TIME,2024,3,11,10,9,42.482039
$TIME,2024,3,11,10,9,42.489040
$TIME,2024,3,11,10,9,42.495040
$TIME,2024,3,11,10,9,42.501036
$TIME,2024,3,11,10,9,42.506039
$TIME,2024,3,11,10,9,42.512041
$TIME,2024,3,11,10,9,42.518646
$TIME,2024,3,11,10,9,42.523681
$TIME,2024,3,11,10,9,42.529681
$TIME,2024,3,11,10,9,42.535185
$TIME,2024,3,11,10,9,42.541191
$TIME,2024,3,11,10,9,42.547189
$TIME,2024,3,11,10,9,42.552190
$TIME,2024,3,11,10,9,42.559211
$TIME,2024,3,11,10,9,42.564679
$TIME,2024,3,11,10,9,42.570690
$TIME,2024,3,11,10,9,42.576705
$TIME,2024,3,11,10,9,42.582952
$TIME,2024,3,11,10,9,42.588977
$TIME,2024,3,11,10,9,42.594977
$TIME,2024,3,11,10,9,42.600976
$TIME,2024,3,11,10,9,42.607666
$TIME,2024,3,11,10,9,42.612777
$TIME,2024,3,11,10,9,42.618790
$TIME,2024,3,11,10,9,42.625682
$TIME,2024,3,11,10,9,42.630687
$TIME,2024,3,11,10,9,42.638194
$TIME,2024,3,11,10,9,42.643195
$TIME,2024,3,11,10,9,42.649193
$TIME,2024,3,11,10,9,42.656213
$TIME,2024,3,11,10,9,42.662194
$TIME,2024,3,11,10,9,42.669239
$TIME,2024,3,11,10,9,42.675293
$TIME,2024,3,11,10,9,42.680193
$TIME,2024,3,11,10,9,42.687442
$TIME,2024,3,11,10,9,42.692558
$TIME,2024,3,11,10,9,42.698448
$TIME,2024,3,11,10,9,42.705484
$TIME,2024,3,11,10,9,42.713450
$TIME,2024,3,11,10,9,42.719453
$TIME,2024,3,11,10,9,42.724457
$TIME,2024,3,11,10,9,42.732479
$LOG,10.000,I1SD,11,SIGNAL FOUND (50.4,757.8,0.0076820)
$TIME,2024,3,11,10,9,53.530960
$CH,10.000,I1SD,11,0,50.4,7.682015692,757.806,0.000,0,0
$TIME,2024,3,11,10,9,53.572679
$CH,10.100,I1SD,11,10,50.4,7.681982286,739.785,74.718,0,0
$TIME,2024,3,11,10,9,53.611682
$CH,10.200,I1SD,11,20,50.4,7.681966957,737.757,148.676,0,0
$TIME,2024,3,11,10,9,53.645652
$CH,10.300,I1SD,11,30,50.4,7.681940958,743.236,222.426,0,0
$TIME,2024,3,11,10,9,53.680704
$CH,10.400,I1SD,11,40,50.4,7.681885888,708.507,295.589,0,0
$TIME,2024,3,11,10,9,53.715703
$CH,10.500,I1SD,11,50,50.4,7.681847360,694.935,365.763,0,0
$TIME,2024,3,11,10,9,53.751807
$CH,10.600,I1SD,11,60,50.4,7.681800088,695.881,435.246,0,0
$TIME,2024,3,11,10,9,53.787091
$CH,10.700,I1SD,11,70,50.4,7.681760412,702.430,505.094,0,0
$TIME,2024,3,11,10,9,53.824090
$CH,10.800,I1SD,11,80,50.4,7.681724197,706.658,575.589,0,0
$TIME,2024,3,11,10,9,53.857679
$CH,10.900,I1SD,11,90,50.4,7.681691713,709.266,646.569,0,0
$TIME,2024,3,11,10,9,53.894689
$CH,11.000,I1SD,11,100,43.3,7.681641831,706.693,717.351,0,0
$TIME,2024,3,11,10,9,53.927726
$CH,11.100,I1SD,11,110,43.3,7.681597868,702.422,787.788,0,0
$TIME,2024,3,11,10,9,53.967242
$CH,11.200,I1SD,11,120,43.3,7.681549910,707.998,858.025,0,0
$TIME,2024,3,11,10,9,54.006343
$CH,11.300,I1SD,11,130,43.3,7.681507706,704.646,928.558,0,0
$TIME,2024,3,11,10,9,54.043351
$CH,11.400,I1SD,11,140,43.3,7.681467265,706.696,999.058,0,0
$TIME,2024,3,11,10,9,54.079169
$CH,11.500,I1SD,11,150,43.3,7.681419192,697.470,1069.334,0,0
$TIME,2024,3,11,10,9,54.114069
$CH,11.600,I1SD,11,160,43.3,7.681374606,706.437,1139.715,0,0
$TIME,2024,3,11,10,9,54.149154
$CH,11.700,I1SD,11,170,43.3,7.681335476,700.710,1209.980,0,0
$TIME,2024,3,11,10,9,54.183736
$CH,11.800,I1SD,11,180,43.3,7.681290455,695.782,1280.036,0,0
$TIME,2024,3,11,10,9,54.215630
$CH,11.900,I1SD,11,190,43.3,7.681251858,706.061,1350.008,0,0
$LOG,12.000,I1SD,11,SIGNAL LOST (I1SD, 31.7)
$TIME,2024,3,11,10,9,54.251745
$TIME,2024,3,11,10,9,54.258313
$TIME,2024,3,11,10,9,54.264314
$TIME,2024,3,11,10,9,54.269313
$TIME,2024,3,11,10,9,54.275339
$TIME,2024,3,11,10,9,54.283004
$TIME,2024,3,11,10,9,54.289329
$TIME,2024,3,11,10,9,54.296369
$TIME,2024,3,11,10,9,54.303351
$TIME,2024,3,11,10,9,54.308348
$TIME,2024,3,11,10,9,54.316327
$TIME,2024,3,11,10,9,54.323327
$TIME,2024,3,11,10,9,54.330366
$TIME,2024,3,11,10,9,54.337328
$TIME,2024,3,11,10,9,54.344340
$TIME,2024,3,11,10,9,54.351450
$TIME,2024,3,11,10,9,54.357854
$TIME,2024,3,11,10,9,54.363852
$TIME,2024,3,11,10,9,54.370853
$TIME,2024,3,11,10,9,54.377853
$TIME,2024,3,11,10,9,54.384872
$TIME,2024,3,11,10,9,54.391854
$TIME,2024,3,11,10,9,54.398873
$TIME,2024,3,11,10,9,54.406856
$TIME,2024,3,11,10,9,54.413852
$TIME,2024,3,11,10,9,54.420855
$TIME,2024,3,11,10,9,54.426855
$TIME,2024,3,11,10,9,54.432852
$TIME,2024,3,11,10,9,54.440395
$TIME,2024,3,11,10,9,54.445414
$TIME,2024,3,11,10,9,54.451413
$TIME,2024,3,11,10,9,54.458408
$TIME,2024,3,11,10,9,54.464453
$TIME,2024,3,11,10,9,54.470432
$TIME,2024,3,11,10,9,54.476432
$TIME,2024,3,11,10,9,54.484432
$TIME,2024,3,11,10,9,54.490432
$TIME,2024,3,11,10,9,54.496433
$TIME,2024,3,11,10,9,54.504434
$TIME,2024,3,11,10,9,54.510432
$TIME,2024,3,11,10,9,54.518432
$TIME,2024,3,11,10,9,54.524431
$TIME,2024,3,11,10,9,54.531436
$TIME,2024,3,11,10,9,54.536430
$TIME,2024,3,11,10,9,54.542438
$TIME,2024,3,11,10,9,54.549438
$TIME,2024,3,11,10,9,54.555438
$TIME,2024,3,11,10,9,54.561976
$TIME,2024,3,11,10,9,54.567953
$TIME,2024,3,11,10,9,54.574951
$TIME,2024,3,11,10,9,54.582954
$TIME,2024,3,11,10,9,54.588952
$TIME,2024,3,11,10,9,54.595952
$TIME,2024,3,11,10,9,54.602953
$TIME,2024,3,11,10,9,54.609951
$TIME,2024,3,11,10,9,54.615977
$TIME,2024,3,11,10,9,54.622970
$TIME,2024,3,11,10,9,54.628953
$TIME,2024,3,11,10,9,54.635971
$TIME,2024,3,11,10,9,54.642959
$TIME,2024,3,11,10,9,54.648964
$TIME,2024,3,11,10,9,54.654958
$TIME,2024,3,11,10,9,54.662317
$TIME,2024,3,11,10,9,54.668317
$TIME,2024,3,11,10,9,54.675318
$TIME,2024,3,11,10,9,54.682318
$TIME,2024,3,11,10,9,54.688316
$TIME,2024,3,11,10,9,54.695318
$TIME,2024,3,11,10,9,54.702317
$TIME,2024,3,11,10,9,54.709319
$TIME,2024,3,11,10,9,54.716317
$TIME,2024,3,11,10,9,54.724317
$TIME,2024,3,11,10,9,54.731317
$TIME,2024,3,11,10,9,54.738316
$TIME,2024,3,11,10,9,54.744347
$TIME,2024,3,11,10,9,54.751322
$TIME,2024,3,11,10,9,54.757886
$TIME,2024,3,11,10,9,54.762884
$TIME,2024,3,11,10,9,54.769916
$TIME,2024,3,11,10,9,54.775934
$LOG,20.000,I1SD,12,SIGNAL FOUND (49.1,678.2,0.0082546)
$TIME,2024,3,11,10,10,5.519528
$CH,20.000,I1SD,12,0,49.1,8.254572217,678.223,0.000,0,0
$TIME,2024,3,11,10,10,5.559639
$CH,20.100,I1SD,12,10,49.1,8.254544503,701.214,69.118,0,0
$TIME,2024,3,11,10,10,5.601052
$CH,20.200,I1SD,12,20,49.1,8.254529347,707.024,139.400,0,0
$TIME,2024,3,11,10,10,5.637048
$CH,20.300,I1SD,12,30,49.1,8.254501901,721.665,211.436,0,0
$TIME,2024,3,11,10,10,5.669668
$CH,20.400,I1SD,12,40,49.1,8.254463609,749.722,284.590,0,0
$TIME,2024,3,11,10,10,5.709669
$CH,20.500,I1SD,12,50,49.1,8.254416104,764.682,360.195,0,0
$TIME,2024,3,11,10,10,5.747668
$CH,20.600,I1SD,12,60,49.1,8.254364083,766.103,436.856,0,0
$TIME,2024,3,11,10,10,5.792819
$CH,20.700,I1SD,12,70,49.1,8.254310543,763.421,513.455,0,0
$TIME,2024,3,11,10,10,5.833818
$CH,20.800,I1SD,12,80,49.1,8.254256043,761.891,589.703,0,0
$TIME,2024,3,11,10,10,5.890261
$CH,20.900,I1SD,12,90,49.1,8.254196000,766.262,666.241,0,0
$TIME,2024,3,11,10,10,5.929270
$CH,21.000,I1SD,12,100,41.3,8.254142037,767.348,742.799,0,0
$TIME,2024,3,11,10,10,5.972866
$CH,21.100,I1SD,12,110,41.3,8.254099538,763.324,819.598,0,0
$TIME,2024,3,11,10,10,6.009872
$CH,21.200,I1SD,12,120,41.3,8.254059555,764.522,896.092,0,0
$TIME,2024,3,11,10,10,6.046872
$CH,21.300,I1SD,12,130,41.3,8.254006441,759.806,972.585,0,0
$TIME,2024,3,11,10,10,6.083509
$CH,21.400,I1SD,12,140,41.3,8.253942260,755.622,1048.702,0,0
$TIME,2024,3,11,10,10,6.118511
$CH,21.500,I1SD,12,150,41.3,8.253891604,762.182,1124.835,0,0
$TIME,2024,3,11,10,10,6.152617
$CH,21.600,I1SD,12,160,41.3,8.253842733,758.115,1201.317,0,0
$TIME,2024,3,11,10,10,6.188282
$CH,21.700,I1SD,12,170,41.3,8.253790146,760.956,1277.424,0,0
$TIME,2024,3,11,10,10,6.222390
$CH,21.800,I1SD,12,180,41.3,8.253740514,757.450,1353.519,0,0
$TIME,2024,3,11,10,10,6.257341
$CH,21.900,I1SD,12,190,41.3,8.253704513,755.013,1429.726,0,0
$LOG,22.000,I1SD,12,SIGNAL LOST (I1SD, 31.2)
$TIME,2024,3,11,10,10,6.288868
$TIME,2024,3,11,10,10,6.294964
$TIME,2024,3,11,10,10,6.300970
$TIME,2024,3,11,10,10,6.306865
$TIME,2024,3,11,10,10,6.312891
$TIME,2024,3,11,10,10,6.319885
$TIME,2024,3,11,10,10,6.325864
$TIME,2024,3,11,10,10,6.331864
$TIME,2024,3,11,10,10,6.338968
$TIME,2024,3,11,10,10,6.345870
$TIME,2024,3,11,10,10,6.351884
$TIME,2024,3,11,10,10,6.358919
$TIME,2024,3,11,10,10,6.365916
$TIME,2024,3,11,10,10,6.372434
$TIME,2024,3,11,10,10,6.379432
$TIME,2024,3,11,10,10,6.385554
$TIME,2024,3,11,10,10,6.392454
$TIME,2024,3,11,10,10,6.398539
$TIME,2024,3,11,10,10,6.404468
$TIME,2024,3,11,10,10,6.409439
$TIME,2024,3,11,10,10,6.415543
$TIME,2024,3,11,10,10,6.422448
$TIME,2024,3,11,10,10,6.428434
$TIME,2024,3,11,10,10,6.434432
$TIME,2024,3,11,10,10,6.441429
$TIME,2024,3,11,10,10,6.446435
$TIME,2024,3,11,10,10,6.453542
$TIME,2024,3,11,10,10,6.460541
$TIME,2024,3,11,10,10,6.466538
$TIME,2024,3,11,10,10,6.473445
$TIME,2024,3,11,10,10,6.478453
$TIME,2024,3,11,10,10,6.484453
$TIME,2024,3,11,10,10,6.491454
$TIME,2024,3,11,10,10,6.497560
$TIME,2024,3,11,10,10,6.503455
$TIME,2024,3,11,10,10,6.509471
$TIME,2024,3,11,10,10,6.516541
$TIME,2024,3,11,10,10,6.522548
$TIME,2024,3,11,10,10,6.530548
$TIME,2024,3,11,10,10,6.537647
$TIME,2024,3,11,10,10,6.544548
$TIME,2024,3,11,10,10,6.551547
$TIME,2024,3,11,10,10,6.559399
$TIME,2024,3,11,10,10,6.567261
$TIME,2024,3,11,10,10,6.573986
$TIME,2024,3,11,10,10,6.580987
$TIME,2024,3,11,10,10,6.588009
$TIME,2024,3,11,10,10,6.594992
$TIME,2024,3,11,10,10,6.600987
$TIME,2024,3,11,10,10,6.607544
$TIME,2024,3,11,10,10,6.614596
$TIME,2024,3,11,10,10,6.619713
$TIME,2024,3,11,10,10,6.628605
$TIME,2024,3,11,10,10,6.633647
$TIME,2024,3,11,10,10,6.640604
$TIME,2024,3,11,10,10,6.646604
$TIME,2024,3,11,10,10,6.652623
$TIME,2024,3,11,10,10,6.658714
$TIME,2024,3,11,10,10,6.664611
$TIME,2024,3,11,10,10,6.670141
$TIME,2024,3,11,10,10,6.676168
$TIME,2024,3,11,10,10,6.682182
$TIME,2024,3,11,10,10,6.690150
$TIME,2024,3,11,10,10,6.696149
$TIME,2024,3,11,10,10,6.701147
$TIME,2024,3,11,10,10,6.708169
$TIME,2024,3,11,10,10,6.714147
$TIME,2024,3,11,10,10,6.720149
$TIME,2024,3,11,10,10,6.726168
$TIME,2024,3,11,10,10,6.732147
$TIME,2024,3,11,10,10,6.738250
$TIME,2024,3,11,10,10,6.744147
$TIME,2024,3,11,10,10,6.750149
$TIME,2024,3,11,10,10,6.757159
$TIME,2024,3,11,10,10,6.763162
$TIME,2024,3,11,10,10,6.769162
$TIME,2024,3,11,10,10,6.775703
$TIME,2024,3,11,10,10,6.781706
$TIME,2024,3,11,10,10,6.788702
$TIME,2024,3,11,10,10,6.794886
$LOG,30.000,I1SD,13,SIGNAL FOUND (50.6,506.6,0.0019782)
$TIME,2024,3,11,10,10,17.415225
$CH,30.000,I1SD,13,0,50.6,1.978177402,506.630,0.000,0,0
$TIME,2024,3,11,10,10,17.463223
$CH,30.100,I1SD,13,10,50.6,1.978162725,490.170,49.530,0,0
$TIME,2024,3,11,10,10,17.504826
$CH,30.200,I1SD,13,20,50.6,1.978158109,492.893,98.047,0,0
$TIME,2024,3,11,10,10,17.538827
$CH,30.300,I1SD,13,30,50.6,1.978156002,461.422,146.553,0,0
$TIME,2024,3,11,10,10,17.579840
$CH,30.400,I1SD,13,40,50.6,1.978121454,477.264,193.498,0,0
$TIME,2024,3,11,10,10,17.617471
$CH,30.500,I1SD,13,50,50.6,1.978084989,519.124,243.839,0,0
$TIME,2024,3,11,10,10,17.652490
$CH,30.600,I1SD,13,60,50.6,1.978062471,513.608,295.406,0,0
$TIME,2024,3,11,10,10,17.687102
$CH,30.700,I1SD,13,70,50.6,1.978034830,515.303,346.865,0,0
$TIME,2024,3,11,10,10,17.729098
$CH,30.800,I1SD,13,80,50.6,1.977996370,510.358,398.347,0,0
$TIME,2024,3,11,10,10,17.766124
$CH,30.900,I1SD,13,90,50.6,1.977966577,513.627,449.601,0,0
$TIME,2024,3,11,10,10,17.806626
$CH,31.000,I1SD,13,100,43.5,1.977937481,515.703,501.056,0,0
$TIME,2024,3,11,10,10,17.845627
$CH,31.100,I1SD,13,110,43.5,1.977908776,509.031,552.595,0,0
$TIME,2024,3,11,10,10,17.885226
$CH,31.200,I1SD,13,120,43.5,1.977888386,521.501,604.116,0,0
$TIME,2024,3,11,10,10,17.929204
$CH,31.300,I1SD,13,130,43.5,1.977854664,511.580,656.108,0,0
$TIME,2024,3,11,10,10,17.973209
$CH,31.400,I1SD,13,140,43.5,1.977820574,520.889,707.720,0,0
$TIME,2024,3,11,10,10,18.014728
$CH,31.500,I1SD,13,150,43.5,1.977775477,526.262,759.746,0,0
$TIME,2024,3,11,10,10,18.061725
$CH,31.600,I1SD,13,160,43.5,1.977748298,516.743,811.927,0,0
$TIME,2024,3,11,10,10,18.109292
$CH,31.700,I1SD,13,170,43.5,1.977709144,525.221,863.718,0,0
$TIME,2024,3,11,10,10,18.144313
$CH,31.800,I1SD,13,180,43.5,1.977677787,525.487,916.121,0,0
$TIME,2024,3,11,10,10,18.178328
$CH,31.900,I1SD,13,190,43.5,1.977648445,523.120,968.407,0,0
$LOG,32.000,I1SD,13,SIGNAL LOST (I1SD, 31.5)
$TIME,2024,3,11,10,10,18.213841
$TIME,2024,3,11,10,10,18.218865
$TIME,2024,3,11,10,10,18.223872
$TIME,2024,3,11,10,10,18.228854
$TIME,2024,3,11,10,10,18.234853
$TIME,2024,3,11,10,10,18.239874
$TIME,2024,3,11,10,10,18.244855
$TIME,2024,3,11,10,10,18.250855
$TIME,2024,3,11,10,10,18.256878
$TIME,2024,3,11,10,10,18.262854
$TIME,2024,3,11,10,10,18.269666
$TIME,2024,3,11,10,10,18.275674
$TIME,2024,3,11,10,10,18.281673
$TIME,2024,3,11,10,10,18.288188
$TIME,2024,3,11,10,10,18.293190
$TIME,2024,3,11,10,10,18.300206
$TIME,2024,3,11,10,10,18.306190
$TIME,2024,3,11,10,10,18.313189
$TIME,2024,3,11,10,10,18.320188
$TIME,2024,3,11,10,10,18.326189
$TIME,2024,3,11,10,10,18.333187
$TIME,2024,3,11,10,10,18.339188
$TIME,2024,3,11,10,10,18.346208
$TIME,2024,3,11,10,10,18.352211
$TIME,2024,3,11,10,10,18.358188
$TIME,2024,3,11,10,10,18.365189
$TIME,2024,3,11,10,10,18.371218
$TIME,2024,3,11,10,10,18.379199
$TIME,2024,3,11,10,10,18.385710
$TIME,2024,3,11,10,10,18.393724
$TIME,2024,3,11,10,10,18.399746
$TIME,2024,3,11,10,10,18.405747
$TIME,2024,3,11,10,10,18.413766
$TIME,2024,3,11,10,10,18.420748
$TIME,2024,3,11,10,10,18.427767
$TIME,2024,3,11,10,10,18.434766
$TIME,2024,3,11,10,10,18.441766
$TIME,2024,3,11,10,10,18.447759
$TIME,2024,3,11,10,10,18.454747
$TIME,2024,3,11,10,10,18.461766
$TIME,2024,3,11,10,10,18.469753
$TIME,2024,3,11,10,10,18.476772
$TIME,2024,3,11,10,10,18.484286
$TIME,2024,3,11,10,10,18.492300
$TIME,2024,3,11,10,10,18.498321
$TIME,2024,3,11,10,10,18.506320
$TIME,2024,3,11,10,10,18.512327
$TIME,2024,3,11,10,10,18.519397
$TIME,2024,3,11,10,10,18.526307
$TIME,2024,3,11,10,10,18.533301
$TIME,2024,3,11,10,10,18.539302
$TIME,2024,3,11,10,10,18.545367
$TIME,2024,3,11,10,10,18.552402
$TIME,2024,3,11,10,10,18.558409
$TIME,2024,3,11,10,10,18.564303
$TIME,2024,3,11,10,10,18.570522
$TIME,2024,3,11,10,10,18.576414
$TIME,2024,3,11,10,10,18.582437
$TIME,2024,3,11,10,10,18.588035
$TIME,2024,3,11,10,10,18.593932
$TIME,2024,3,11,10,10,18.600931
$TIME,2024,3,11,10,10,18.605953
$TIME,2024,3,11,10,10,18.613934
$TIME,2024,3,11,10,10,18.621953
$TIME,2024,3,11,10,10,18.628932
$TIME,2024,3,11,10,10,18.636965
$TIME,2024,3,11,10,10,18.642951
$TIME,2024,3,11,10,10,18.649955
$TIME,2024,3,11,10,10,18.657950
$TIME,2024,3,11,10,10,18.666042
$TIME,2024,3,11,10,10,18.674042
$TIME,2024,3,11,10,10,18.681141
$TIME,2024,3,11,10,10,18.690597
$TIME,2024,3,11,10,10,18.699600
$TIME,2024,3,11,10,10,18.705597
$TIME,2024,3,11,10,10,18.713598
$TIME,2024,3,11,10,10,18.720597
$TIME,2024,3,11,10,10,18.727597
$TIME,2024,3,11,10,10,18.733617
$TIME,2024,3,11,10,10,18.741598
$LOG,40.000,I1SD,14,SIGNAL FOUND (50.2,677.8,0.0055154)
$TIME,2024,3,11,10,10,29.086818
$CH,40.000,I1SD,14,0,50.2,5.515412203,677.810,0.000,0,0
$TIME,2024,3,11,10,10,29.118327
$CH,40.100,I1SD,14,10,50.2,5.515384134,699.974,69.110,0,0
$TIME,2024,3,11,10,10,29.153351
$CH,40.200,I1SD,14,20,50.2,5.515369727,708.572,139.216,0,0
$TIME,2024,3,11,10,10,29.186673
$CH,40.300,I1SD,14,30,50.2,5.515348474,699.083,209.443,0,0
$TIME,2024,3,11,10,10,29.222194
$CH,40.400,I1SD,14,40,50.2,5.515305806,701.802,280.117,0,0
$TIME,2024,3,11,10,10,29.254254
$CH,40.500,I1SD,14,50,50.2,5.515269710,682.925,349.505,0,0
$TIME,2024,3,11,10,10,29.288260
$CH,40.600,I1SD,14,60,50.2,5.515229322,677.098,417.469,0,0
$TIME,2024,3,11,10,10,29.321039
$CH,40.700,I1SD,14,70,50.2,5.515183647,674.124,485.033,0,0
$TIME,2024,3,11,10,10,29.354994
$CH,40.800,I1SD,14,80,50.2,5.515141353,673.135,552.433,0,0
$TIME,2024,3,11,10,10,29.391143
$CH,40.900,I1SD,14,90,50.2,5.515098699,676.524,619.918,0,0
$TIME,2024,3,11,10,10,29.421846
$CH,41.000,I1SD,14,100,43.0,5.515056373,681.706,687.783,0,0
$TIME,2024,3,11,10,10,29.457831
$CH,41.100,I1SD,14,110,43.0,5.515016627,683.522,755.880,0,0
$TIME,2024,3,11,10,10,29.489937
$CH,41.200,I1SD,14,120,43.0,5.514964704,683.769,823.861,0,0
$TIME,2024,3,11,10,10,29.524538
$CH,41.300,I1SD,14,130,43.0,5.514920898,682.264,891.713,0,0
$TIME,2024,3,11,10,10,29.555539
$CH,41.400,I1SD,14,140,43.0,5.514869460,681.305,959.743,0,0
$TIME,2024,3,11,10,10,29.590636
$CH,41.500,I1SD,14,150,43.0,5.514826818,683.377,1027.689,0,0
$TIME,2024,3,11,10,10,29.622748
$CH,41.600,I1SD,14,160,43.0,5.514771260,686.628,1095.673,0,0
$TIME,2024,3,11,10,10,29.659340
$CH,41.700,I1SD,14,170,43.0,5.514727770,676.864,1164.081,0,0
$TIME,2024,3,11,10,10,29.689560
$CH,41.800,I1SD,14,180,43.0,5.514682541,687.163,1232.523,0,0
$TIME,2024,3,11,10,10,29.724971
$CH,41.900,I1SD,14,190,43.0,5.514644332,687.823,1301.029,0,0
$LOG,42.000,I1SD,14,SIGNAL LOST (I1SD, 31.8)
$TIME,2024,3,11,10,10,29.762077
$TIME,2024,3,11,10,10,29.768968
$TIME,2024,3,11,10,10,29.776971
$TIME,2024,3,11,10,10,29.783080
$TIME,2024,3,11,10,10,29.790039
$TIME,2024,3,11,10,10,29.796050
$TIME,2024,3,11,10,10,29.806568
$TIME,2024,3,11,10,10,29.813569
$TIME,2024,3,11,10,10,29.820588
$TIME,2024,3,11,10,10,29.828568
$TIME,2024,3,11,10,10,29.835569
$TIME,2024,3,11,10,10,29.843570
$TIME,2024,3,11,10,10,29.850567
$TIME,2024,3,11,10,10,29.857568
$TIME,2024,3,11,10,10,29.865568
$TIME,2024,3,11,10,10,29.872572
$TIME,2024,3,11,10,10,29.880571
$TIME,2024,3,11,10,10,29.886577
$TIME,2024,3,11,10,10,29.893576
$TIME,2024,3,11,10,10,29.900082
$TIME,2024,3,11,10,10,29.907087
$TIME,2024,3,11,10,10,29.913088
$TIME,2024,3,11,10,10,29.920086
$TIME,2024,3,11,10,10,29.925088
$TIME,2024,3,11,10,10,29.931088
$TIME,2024,3,11,10,10,29.937115
$TIME,2024,3,11,10,10,29.943088
$TIME,2024,3,11,10,10,29.949090
$TIME,2024,3,11,10,10,29.955106
$TIME,2024,3,11,10,10,29.961087
$TIME,2024,3,11,10,10,29.967194
$TIME,2024,3,11,10,10,29.973201
$TIME,2024,3,11,10,10,29.980223
$TIME,2024,3,11,10,10,29.986259
$TIME,2024,3,11,10,10,29.992254
$TIME,2024,3,11,10,10,29.998260
$TIME,2024,3,11,10,10,30.003775
$TIME,2024,3,11,10,10,30.010775
$TIME,2024,3,11,10,10,30.015795
$TIME,2024,3,11,10,10,30.022778
$TIME,2024,3,11,10,10,30.028775
$TIME,2024,3,11,10,10,30.033775
$TIME,2024,3,11,10,10,30.040796
$TIME,2024,3,11,10,10,30.045780
$TIME,2024,3,11,10,10,30.052780
$TIME,2024,3,11,10,10,30.058775
$TIME,2024,3,11,10,10,30.065887
$TIME,2024,3,11,10,10,30.071815
$TIME,2024,3,11,10,10,30.078806
$TIME,2024,3,11,10,10,30.085782
$TIME,2024,3,11,10,10,30.093511
$TIME,2024,3,11,10,10,30.098629
$TIME,2024,3,11,10,10,30.106147
$TIME,2024,3,11,10,10,30.111255
$TIME,2024,3,11,10,10,30.117147
$TIME,2024,3,11,10,10,30.124188
$TIME,2024,3,11,10,10,30.129302
$TIME,2024,3,11,10,10,30.135300
$TIME,2024,3,11,10,10,30.141228
$TIME,2024,3,11,10,10,30.148193
$TIME,2024,3,11,10,10,30.153306
$TIME,2024,3,11,10,10,30.159248
$TIME,2024,3,11,10,10,30.166196
$TIME,2024,3,11,10,10,30.171311
$TIME,2024,3,11,10,10,30.176196
$TIME,2024,3,11,10,10,30.183196
$TIME,2024,3,11,10,10,30.189321
$TIME,2024,3,11,10,10,30.195303
$TIME,2024,3,11,10,10,30.201663
$TIME,2024,3,11,10,10,30.207661
$TIME,2024,3,11,10,10,30.213660
$TIME,2024,3,11,10,10,30.220274
$TIME,2024,3,11,10,10,30.226281
$TIME,2024,3,11,10,10,30.232308
$TIME,2024,3,11,10,10,30.238283
$TIME,2024,3,11,10,10,30.244388
$TIME,2024,3,11,10,10,30.250388
$TIME,2024,3,11,10,10,30.255391
$TIME,2024,3,11,10,10,30.262287
$TIME,2024,3,11,10,10,30.268556
$LOG,103.245,,0,END FILE=C:\gnss\PocketSDR\sample\NavIC_L1_SPS_BOC1_1_IF_samples\NavIC_L1_IF_samples\NavIC3.bin
