$LOG,0.000,,0,START FILE=C:\Users\Arya\Downloads\bt_driver\GPSL1C_Working.bin FS=4.000 FI=0.000 IQ=2 TOFF=1.000
$LOG,1.000,L1CD,2,SIGNAL FOUND (43.6,-1162.9,0.0088352)
$TIME,2024,3,26,23,54,10.627639
$CH,1.000,L1CD,2,0,43.6,8.835250000,-1162.889,0.000,0,0
$TIME,2024,3,26,23,54,10.635332
$CH,1.100,L1CD,2,10,43.6,8.835311560,-1166.782,-116.518,0,0
$TIME,2024,3,26,23,54,10.641725
$CH,1.200,L1CD,2,20,43.6,8.835392401,-1168.310,-233.213,0,0
$TIME,2024,3,26,23,54,10.647731
$CH,1.300,L1CD,2,30,43.6,8.835430051,-1166.342,-349.944,0,0
$TIME,2024,3,26,23,54,10.654734
$CH,1.400,L1CD,2,40,43.6,8.835476651,-1167.394,-466.639,0,0
$TIME,2024,3,26,23,54,10.659729
$CH,1.500,L1CD,2,50,43.6,8.835561421,-1166.928,-583.354,0,0
$TIME,2024,3,26,23,54,10.664731
$CH,1.600,L1CD,2,60,43.6,8.835639013,-1167.062,-700.048,0,0
$TIME,2024,3,26,23,54,10.669732
$CH,1.700,L1CD,2,70,43.6,8.835677478,-1167.195,-816.758,0,0
$TIME,2024,3,26,23,54,10.674731
$CH,1.800,L1CD,2,80,43.6,8.835747909,-1167.237,-933.479,0,0
$TIME,2024,3,26,23,54,10.679747
$CH,1.900,L1CD,2,90,43.6,8.835854839,-1167.286,-1050.202,0,0
$TIME,2024,3,26,23,54,10.684733
$CH,2.000,L1CD,2,100,43.5,8.835905703,-1167.191,-1166.923,0,0
$TIME,2024,3,26,23,54,10.689731
$CH,2.100,L1CD,2,110,43.5,8.835960435,-1167.083,-1283.674,0,0
$TIME,2024,3,26,23,54,10.693747
$CH,2.200,L1CD,2,120,43.5,8.836053391,-1167.050,-1400.399,0,0
$TIME,2024,3,26,23,54,10.698747
$CH,2.300,L1CD,2,130,43.5,8.836135999,-1167.388,-1517.127,0,0
$TIME,2024,3,26,23,54,10.703747
$CH,2.400,L1CD,2,140,43.5,8.836178733,-1167.236,-1633.848,0,0
$TIME,2024,3,26,23,54,10.708729
$CH,2.500,L1CD,2,150,43.5,8.836260076,-1166.897,-1750.576,0,0
$TIME,2024,3,26,23,54,10.713741
$CH,2.600,L1CD,2,160,43.5,8.836371590,-1167.411,-1867.306,0,0
$TIME,2024,3,26,23,54,10.717732
$CH,2.700,L1CD,2,170,43.5,8.836409538,-1167.451,-1984.056,0,0
$TIME,2024,3,26,23,54,10.722751
$CH,2.800,L1CD,2,180,43.5,8.836476547,-1167.465,-2100.814,0,0
$TIME,2024,3,26,23,54,10.727760
$CH,2.900,L1CD,2,190,43.5,8.836581469,-1166.535,-2217.550,0,0
$TIME,2024,3,26,23,54,10.732762
$CH,3.000,L1CD,2,200,43.6,8.836647241,-1167.849,-2334.279,0,0
$TIME,2024,3,26,23,54,10.737761
$CH,3.100,L1CD,2,210,43.6,8.836701186,-1167.734,-2451.014,0,0
$TIME,2024,3,26,23,54,10.742269
$CH,3.200,L1CD,2,220,43.6,8.836792448,-1167.192,-2567.753,0,0
$TIME,2024,3,26,23,54,10.747292
$CH,3.300,L1CD,2,230,43.6,8.836882749,-1167.173,-2684.486,0,0
$TIME,2024,3,26,23,54,10.752269
$CH,3.400,L1CD,2,240,43.6,8.836923620,-1167.480,-2801.235,0,0
$TIME,2024,3,26,23,54,10.757271
$CH,3.500,L1CD,2,250,43.6,8.837000231,-1167.863,-2917.979,0,0
$TIME,2024,3,26,23,54,10.762273
$CH,3.600,L1CD,2,260,43.6,8.837111301,-1167.575,-3034.718,0,0
$TIME,2024,3,26,23,54,10.767290
$CH,3.700,L1CD,2,270,43.6,8.837154302,-1167.509,-3151.466,0,0
$TIME,2024,3,26,23,54,10.772293
$CH,3.800,L1CD,2,280,43.6,8.837216108,-1167.796,-3268.243,0,0
$TIME,2024,3,26,23,54,10.779272
$CH,3.900,L1CD,2,290,43.6,8.837316402,-1167.578,-3385.023,0,0
$TIME,2024,3,26,23,54,10.783294
$CH,4.000,L1CD,2,300,43.4,8.837390391,-1167.008,-3501.777,0,0
$TIME,2024,3,26,23,54,10.788268
$CH,4.100,L1CD,2,310,43.4,8.837440109,-1167.207,-3618.512,0,0
$TIME,2024,3,26,23,54,10.794300
$CH,4.200,L1CD,2,320,43.4,8.837526527,-1167.793,-3735.273,0,0
$TIME,2024,3,26,23,54,10.798272
$CH,4.300,L1CD,2,330,43.4,8.837626477,-1167.499,-3852.062,0,0
$TIME,2024,3,26,23,54,10.803288
$CH,4.400,L1CD,2,340,43.4,8.837663312,-1167.433,-3968.840,0,0
$TIME,2024,3,26,23,54,10.807287
$CH,4.500,L1CD,2,350,43.4,8.837734794,-1167.839,-4085.594,0,0
$TIME,2024,3,26,23,54,10.812864
$CH,4.600,L1CD,2,360,43.4,8.837842870,-1167.476,-4202.356,0,0
$TIME,2024,3,26,23,54,10.816889
$CH,4.700,L1CD,2,370,43.4,8.837900768,-1168.154,-4319.131,0,0
$TIME,2024,3,26,23,54,10.821889
$CH,4.800,L1CD,2,380,43.4,8.837959664,-1167.129,-4435.900,0,0
$TIME,2024,3,26,23,54,10.826901
$CH,4.900,L1CD,2,390,43.4,8.838054314,-1168.077,-4552.680,0,0
$TIME,2024,3,26,23,54,10.831901
$CH,5.000,L1CD,2,400,43.5,8.838136229,-1167.872,-4669.453,0,0
$TIME,2024,3,26,23,54,10.837900
$CH,5.100,L1CD,2,410,43.5,8.838180843,-1168.017,-4786.233,0,0
$TIME,2024,3,26,23,54,10.843411
$CH,5.200,L1CD,2,420,43.5,8.838262732,-1167.953,-4903.013,0,0
$TIME,2024,3,26,23,54,10.848411
$CH,5.300,L1CD,2,430,43.5,8.838376641,-1167.354,-5019.800,0,0
$TIME,2024,3,26,23,54,10.854430
$CH,5.400,L1CD,2,440,43.5,8.838412401,-1168.060,-5136.571,0,0
$TIME,2024,3,26,23,54,10.860411
$CH,5.500,L1CD,2,450,43.5,8.838477929,-1167.894,-5253.367,0,0
$TIME,2024,3,26,23,54,10.866409
$CH,5.600,L1CD,2,460,43.5,8.838581095,-1168.087,-5370.156,0,0
$TIME,2024,3,26,23,54,10.872415
$CH,5.700,L1CD,2,470,43.5,8.838647381,-1167.789,-5486.928,0,0
$TIME,2024,3,26,23,54,10.877411
$CH,5.800,L1CD,2,480,43.5,8.838698181,-1167.535,-5603.724,0,0
$TIME,2024,3,26,23,54,10.882410
$CH,5.900,L1CD,2,490,43.5,8.838789794,-1168.013,-5720.505,0,0
$TIME,2024,3,26,23,54,10.887410
$CH,6.000,L1CD,2,500,43.3,8.838878689,-1168.189,-5837.303,0,0
$TIME,2024,3,26,23,54,10.891411
$CH,6.100,L1CD,2,510,43.3,8.838919401,-1168.160,-5954.090,0,0
$TIME,2024,3,26,23,54,10.897410
$CH,6.200,L1CD,2,520,43.3,8.838997905,-1167.828,-6070.879,0,0
$TIME,2024,3,26,23,54,10.901410
$CH,6.300,L1CD,2,530,43.3,8.839106651,-1168.260,-6187.677,0,0
$TIME,2024,3,26,23,54,10.907432
$CH,6.400,L1CD,2,540,43.3,8.839154174,-1167.612,-6304.464,0,0
$TIME,2024,3,26,23,54,10.912412
$CH,6.500,L1CD,2,550,43.3,8.839215501,-1168.157,-6421.262,0,0
$TIME,2024,3,26,23,54,10.916411
$CH,6.600,L1CD,2,560,43.3,8.839315477,-1168.130,-6538.067,0,0
$TIME,2024,3,26,23,54,10.921411
$CH,6.700,L1CD,2,570,43.3,8.839386410,-1167.941,-6654.874,0,0
$TIME,2024,3,26,23,54,10.927413
$CH,6.800,L1CD,2,580,43.3,8.839436106,-1168.483,-6771.694,0,0
$TIME,2024,3,26,23,54,10.932416
$CH,6.900,L1CD,2,590,43.3,8.839520919,-1168.159,-6888.500,0,0
$TIME,2024,3,26,23,54,10.937414
$CH,7.000,L1CD,2,600,43.1,8.839627179,-1168.395,-7005.301,0,0
$TIME,2024,3,26,23,54,10.944603
$CH,7.100,L1CD,2,610,43.1,8.839664708,-1168.556,-7122.110,0,0
$TIME,2024,3,26,23,54,10.948601
$CH,7.200,L1CD,2,620,43.1,8.839735431,-1168.317,-7238.926,0,0
$TIME,2024,3,26,23,54,10.954626
$CH,7.300,L1CD,2,630,43.1,8.839842405,-1168.060,-7355.751,0,0
$TIME,2024,3,26,23,54,10.959610
$CH,7.400,L1CD,2,640,43.1,8.839900516,-1167.869,-7472.588,0,0
$TIME,2024,3,26,23,54,10.964617
$CH,7.500,L1CD,2,650,43.1,8.839957308,-1168.082,-7589.397,0,0
$TIME,2024,3,26,23,54,10.973603
$CH,7.600,L1CD,2,660,43.1,8.840054513,-1168.062,-7706.207,0,0
$TIME,2024,3,26,23,54,10.978620
$CH,7.700,L1CD,2,670,43.1,8.840136876,-1168.056,-7823.018,0,0
$TIME,2024,3,26,23,54,10.983602
$CH,7.800,L1CD,2,680,43.1,8.840179838,-1168.062,-7939.848,0,0
$TIME,2024,3,26,23,54,10.989602
$CH,7.900,L1CD,2,690,43.1,8.840261939,-1168.325,-8056.663,0,0
$TIME,2024,3,26,23,54,10.994603
$CH,8.000,L1CD,2,700,42.7,8.840374267,-1168.489,-8173.477,0,0
$TIME,2024,3,26,23,54,11.001603
$CH,8.100,L1CD,2,710,42.7,8.840410576,-1168.563,-8290.310,0,0
$TIME,2024,3,26,23,54,11.007601
$CH,8.200,L1CD,2,720,42.7,8.840479125,-1168.295,-8407.139,0,0
$TIME,2024,3,26,23,54,11.012602
$CH,8.300,L1CD,2,730,42.7,8.840587281,-1168.058,-8523.972,0,0
$TIME,2024,3,26,23,54,11.018603
$CH,8.400,L1CD,2,740,42.7,8.840645732,-1168.220,-8640.806,0,0
$TIME,2024,3,26,23,54,11.024607
$CH,8.500,L1CD,2,750,42.7,8.840699642,-1168.546,-8757.642,0,0
$TIME,2024,3,26,23,54,11.030635
$CH,8.600,L1CD,2,760,42.7,8.840792360,-1168.229,-8874.474,0,0
$TIME,2024,3,26,23,54,11.036633
$CH,8.700,L1CD,2,770,42.7,8.840884696,-1167.937,-8991.308,0,0
$TIME,2024,3,26,23,54,11.043016
$CH,8.800,L1CD,2,780,42.7,8.840926130,-1168.196,-9108.158,0,0
$TIME,2024,3,26,23,54,11.049017
$CH,8.900,L1CD,2,790,42.7,8.841002161,-1168.663,-9225.003,0,0
$TIME,2024,3,26,23,54,11.054016
$CH,9.000,L1CD,2,800,42.8,8.841114500,-1169.093,-9341.845,0,0
$TIME,2024,3,26,23,54,11.060014
$CH,9.100,L1CD,2,810,42.8,8.841157694,-1168.261,-9458.684,0,0
$TIME,2024,3,26,23,54,11.065015
$CH,9.200,L1CD,2,820,42.8,8.841219623,-1168.389,-9575.516,0,0
$TIME,2024,3,26,23,54,11.070016
$CH,9.300,L1CD,2,830,42.8,8.841321293,-1168.335,-9692.353,0,0
$TIME,2024,3,26,23,54,11.076016
$CH,9.400,L1CD,2,840,42.8,8.841394244,-1168.898,-9809.209,0,0
$TIME,2024,3,26,23,54,11.082014
$CH,9.500,L1CD,2,850,42.8,8.841443832,-1168.684,-9926.063,0,0
$TIME,2024,3,26,23,54,11.087015
$CH,9.600,L1CD,2,860,42.8,8.841533331,-1168.440,-10042.905,0,0
$TIME,2024,3,26,23,54,11.093016
$CH,9.700,L1CD,2,870,42.8,8.841632214,-1168.877,-10159.763,0,0
$TIME,2024,3,26,23,54,11.098015
$CH,9.800,L1CD,2,880,42.8,8.841670050,-1168.176,-10276.612,0,0
$TIME,2024,3,26,23,54,11.103014
$CH,9.900,L1CD,2,890,42.8,8.841742302,-1168.304,-10393.461,0,0
$TIME,2024,3,26,23,54,11.109014
$CH,10.000,L1CD,2,900,43.2,8.841850559,-1169.198,-10510.328,0,0
$TIME,2024,3,26,23,54,11.114016
$CH,10.100,L1CD,2,910,43.2,8.841898932,-1168.713,-10627.204,0,0
$TIME,2024,3,26,23,54,11.119041
$CH,10.200,L1CD,2,920,43.2,8.841959150,-1168.460,-10744.055,0,0
$TIME,2024,3,26,23,54,11.125016
$CH,10.300,L1CD,2,930,43.2,8.842057178,-1168.786,-10860.924,0,0
$TIME,2024,3,26,23,54,11.131022
$CH,10.400,L1CD,2,940,43.2,8.842138043,-1168.354,-10977.787,0,0
$TIME,2024,3,26,23,54,11.136022
$CH,10.500,L1CD,2,950,43.2,8.842183214,-1168.929,-11094.657,0,0
$TIME,2024,3,26,23,54,11.142569
$CH,10.600,L1CD,2,960,43.2,8.842267243,-1168.683,-11211.524,0,0
$TIME,2024,3,26,23,54,11.147570
$CH,10.700,L1CD,2,970,43.2,8.842372238,-1168.730,-11328.394,0,0
$TIME,2024,3,26,23,54,11.153570
$CH,10.800,L1CD,2,980,43.2,8.842410291,-1168.894,-11445.265,0,0
$TIME,2024,3,26,23,54,11.159571
$CH,10.900,L1CD,2,990,43.2,8.842481070,-1168.349,-11562.157,0,0
$TIME,2024,3,26,23,54,11.164571
$CH,11.000,L1CD,2,1000,43.4,8.842586193,-1168.588,-11679.047,0,0
$TIME,2024,3,26,23,54,11.170569
$CH,11.100,L1CD,2,1010,43.4,8.842643633,-1168.329,-11795.916,0,0
$TIME,2024,3,26,23,54,11.175570
$CH,11.200,L1CD,2,1020,43.4,8.842696673,-1168.661,-11912.788,0,0
$TIME,2024,3,26,23,54,11.180570
$CH,11.300,L1CD,2,1030,43.4,8.842790434,-1168.873,-12029.659,0,0
$TIME,2024,3,26,23,54,11.187569
$CH,11.400,L1CD,2,1040,43.4,8.842881815,-1168.666,-12146.540,0,0
$TIME,2024,3,26,23,54,11.195570
$CH,11.500,L1CD,2,1050,43.4,8.842924209,-1168.550,-12263.417,0,0
$TIME,2024,3,26,23,54,11.204571
$CH,11.600,L1CD,2,1060,43.4,8.843001051,-1169.390,-12380.289,0,0
$TIME,2024,3,26,23,54,11.210570
$CH,11.700,L1CD,2,1070,43.4,8.843113232,-1169.315,-12497.197,0,0
$TIME,2024,3,26,23,54,11.221569
$CH,11.800,L1CD,2,1080,43.4,8.843156561,-1169.152,-12614.081,0,0
$TIME,2024,3,26,23,54,11.226570
$CH,11.900,L1CD,2,1090,43.4,8.843222070,-1168.561,-12730.966,0,0
$TIME,2024,3,26,23,54,11.231576
$CH,12.000,L1CD,2,1100,43.3,8.843323314,-1169.602,-12847.861,0,0
$TIME,2024,3,26,23,54,11.237577
$CH,12.100,L1CD,2,1110,43.3,8.843389810,-1169.256,-12964.764,0,0
$TIME,2024,3,26,23,54,11.242716
$CH,12.200,L1CD,2,1120,43.3,8.843441861,-1168.855,-13081.654,0,0
$TIME,2024,3,26,23,54,11.248725
$CH,12.300,L1CD,2,1130,43.3,8.843528421,-1168.848,-13198.554,0,0
$TIME,2024,3,26,23,54,11.253693
$CH,12.400,L1CD,2,1140,43.3,8.843626963,-1169.426,-13315.453,0,0
$TIME,2024,3,26,23,54,11.258694
$CH,12.500,L1CD,2,1150,43.3,8.843666097,-1168.646,-13432.342,0,0
$TIME,2024,3,26,23,54,11.264692
$CH,12.600,L1CD,2,1160,43.3,8.843738939,-1169.079,-13549.231,0,0
$TIME,2024,3,26,23,54,11.271692
$CH,12.700,L1CD,2,1170,43.3,8.843849022,-1169.104,-13666.132,0,0
$TIME,2024,3,26,23,54,11.277692
$CH,12.800,L1CD,2,1180,43.3,8.843900274,-1169.106,-13783.030,0,0
$TIME,2024,3,26,23,54,11.283693
$CH,12.900,L1CD,2,1190,43.3,8.843966198,-1168.770,-13899.936,0,0
$TIME,2024,3,26,23,54,11.289692
$CH,13.000,L1CD,2,1200,43.4,8.844067639,-1168.987,-14016.849,0,0
$TIME,2024,3,26,23,54,11.294691
$CH,13.100,L1CD,2,1210,43.4,8.844141130,-1169.194,-14133.765,0,0
$TIME,2024,3,26,23,54,11.300691
$CH,13.200,L1CD,2,1220,43.4,8.844188478,-1168.694,-14250.685,0,0
$TIME,2024,3,26,23,54,11.304692
$CH,13.300,L1CD,2,1230,43.4,8.844273696,-1169.360,-14367.578,0,0
$TIME,2024,3,26,23,54,11.311693
$CH,13.400,L1CD,2,1240,43.4,8.844377197,-1169.335,-14484.499,0,0
$TIME,2024,3,26,23,54,11.316696
$CH,13.500,L1CD,2,1250,43.4,8.844415631,-1168.847,-14601.415,0,0
$TIME,2024,3,26,23,54,11.321696
$CH,13.600,L1CD,2,1260,43.4,8.844484917,-1169.009,-14718.332,0,0
$TIME,2024,3,26,23,54,11.327707
$CH,13.700,L1CD,2,1270,43.4,8.844593717,-1169.164,-14835.240,0,0
$TIME,2024,3,26,23,54,11.332705
$CH,13.800,L1CD,2,1280,43.4,8.844652440,-1169.016,-14952.161,0,0
$TIME,2024,3,26,23,54,11.337720
$CH,13.900,L1CD,2,1290,43.4,8.844707659,-1169.601,-15069.067,0,0
$TIME,2024,3,26,23,54,11.342741
$CH,14.000,L1CD,2,1300,43.2,8.844802436,-1169.052,-15185.984,0,0
$TIME,2024,3,26,23,54,11.347739
$CH,14.100,L1CD,2,1310,43.2,8.844885697,-1169.357,-15302.905,0,0
$TIME,2024,3,26,23,54,11.351740
$CH,14.200,L1CD,2,1320,43.2,8.844928849,-1168.712,-15419.833,0,0
$TIME,2024,3,26,23,54,11.356740
$CH,14.300,L1CD,2,1330,43.2,8.845011124,-1169.227,-15536.758,0,0
$TIME,2024,3,26,23,54,11.361739
$CH,14.400,L1CD,2,1340,43.2,8.845124282,-1169.106,-15653.675,0,0
$TIME,2024,3,26,23,54,11.366738
$CH,14.500,L1CD,2,1350,43.2,8.845160442,-1168.425,-15770.598,0,0
$TIME,2024,3,26,23,54,11.371770
$CH,14.600,L1CD,2,1360,43.2,8.845225216,-1169.393,-15887.510,0,0
$TIME,2024,3,26,23,54,11.376688
$CH,14.700,L1CD,2,1370,43.2,8.845330487,-1169.115,-16004.446,0,0
$TIME,2024,3,26,23,54,11.380730
$CH,14.800,L1CD,2,1380,43.2,8.845396386,-1169.271,-16121.369,0,0
$TIME,2024,3,26,23,54,11.384728
$CH,14.900,L1CD,2,1390,43.2,8.845447819,-1168.954,-16238.298,0,0
$TIME,2024,3,26,23,54,11.390584
$CH,15.000,L1CD,2,1400,43.1,8.845537985,-1169.674,-16355.231,0,0
$TIME,2024,3,26,23,54,11.396606
$CH,15.100,L1CD,2,1410,43.1,8.845629429,-1169.122,-16472.178,0,0
$TIME,2024,3,26,23,54,11.401608
$CH,15.200,L1CD,2,1420,43.1,8.845670124,-1169.124,-16589.119,0,0
$TIME,2024,3,26,23,54,11.407606
$CH,15.300,L1CD,2,1430,43.1,8.845745429,-1169.171,-16706.051,0,0
$TIME,2024,3,26,23,54,11.411607
$CH,15.400,L1CD,2,1440,43.1,8.845856166,-1169.880,-16822.988,0,0
$TIME,2024,3,26,23,54,11.417607
$CH,15.500,L1CD,2,1450,43.1,8.845907437,-1169.364,-16939.921,0,0
$TIME,2024,3,26,23,54,11.422671
$CH,15.600,L1CD,2,1460,43.1,8.845970073,-1168.975,-17056.864,0,0
$TIME,2024,3,26,23,54,11.427683
$CH,15.700,L1CD,2,1470,43.1,8.846070869,-1169.274,-17173.800,0,0
$TIME,2024,3,26,23,54,11.432686
$CH,15.800,L1CD,2,1480,43.1,8.846138634,-1169.829,-17290.753,0,0
$TIME,2024,3,26,23,54,11.437683
$CH,15.900,L1CD,2,1490,43.1,8.846185480,-1169.504,-17407.700,0,0
$TIME,2024,3,26,23,54,11.442191
$CH,16.000,L1CD,2,1500,43.7,8.846274726,-1169.673,-17524.649,0,0
$TIME,2024,3,26,23,54,11.448198
$CH,16.100,L1CD,2,1510,43.7,8.846378793,-1168.957,-17641.592,0,0
$TIME,2024,3,26,23,54,11.454300
$CH,16.200,L1CD,2,1520,43.7,8.846414318,-1169.647,-17758.526,0,0
$TIME,2024,3,26,23,54,11.460196
$CH,16.300,L1CD,2,1530,43.7,8.846488613,-1169.547,-17875.464,0,0
$TIME,2024,3,26,23,54,11.464198
$CH,16.400,L1CD,2,1540,43.7,8.846594259,-1169.348,-17992.408,0,0
$TIME,2024,3,26,23,54,11.470197
$CH,16.500,L1CD,2,1550,43.7,8.846650792,-1169.395,-18109.354,0,0
$TIME,2024,3,26,23,54,11.474216
$CH,16.600,L1CD,2,1560,43.7,8.846711434,-1169.599,-18226.301,0,0
$TIME,2024,3,26,23,54,11.478213
$CH,16.700,L1CD,2,1570,43.7,8.846810114,-1169.699,-18343.255,0,0
$TIME,2024,3,26,23,54,11.483216
$CH,16.800,L1CD,2,1580,43.7,8.846886773,-1169.545,-18460.210,0,0
$TIME,2024,3,26,23,54,11.488213
$CH,16.900,L1CD,2,1590,43.7,8.846929655,-1170.116,-18577.170,0,0
$TIME,2024,3,26,23,54,11.493216
$CH,17.000,L1CD,2,1600,43.5,8.847015526,-1169.387,-18694.141,0,0
$TIME,2024,3,26,23,54,11.498196
$CH,17.100,L1CD,2,1610,43.5,8.847127925,-1169.579,-18811.097,0,0
$TIME,2024,3,26,23,54,11.502213
$CH,17.200,L1CD,2,1620,43.5,8.847165121,-1169.477,-18928.060,0,0
$TIME,2024,3,26,23,54,11.507196
$CH,17.300,L1CD,2,1630,43.5,8.847229962,-1169.360,-19045.013,0,0
$TIME,2024,3,26,23,54,11.513199
$CH,17.400,L1CD,2,1640,43.5,8.847335465,-1169.676,-19161.971,0,0
$TIME,2024,3,26,23,54,11.518197
$CH,17.500,L1CD,2,1650,43.5,8.847392139,-1169.346,-19278.933,0,0
$TIME,2024,3,26,23,54,11.523220
$CH,17.600,L1CD,2,1660,43.5,8.847449273,-1169.760,-19395.909,0,0
$TIME,2024,3,26,23,54,11.529241
$CH,17.700,L1CD,2,1670,43.5,8.847542954,-1169.611,-19512.865,0,0
$TIME,2024,3,26,23,54,11.533301
$CH,17.800,L1CD,2,1680,43.5,8.847631210,-1169.517,-19629.828,0,0
$TIME,2024,3,26,23,54,11.539202
$CH,17.900,L1CD,2,1690,43.5,8.847674026,-1170.135,-19746.801,0,0
$TIME,2024,3,26,23,54,11.544753
$CH,18.000,L1CD,2,1700,43.3,8.847752853,-1169.549,-19863.776,0,0
$TIME,2024,3,26,23,54,11.549772
$CH,18.100,L1CD,2,1710,43.3,8.847864300,-1169.536,-19980.740,0,0
$TIME,2024,3,26,23,54,11.554751
$CH,18.200,L1CD,2,1720,43.3,8.847907439,-1169.550,-20097.721,0,0
$TIME,2024,3,26,23,54,11.559752
$CH,18.300,L1CD,2,1730,43.3,8.847973200,-1169.883,-20214.711,0,0
$TIME,2024,3,26,23,54,11.564751
$CH,18.400,L1CD,2,1740,43.3,8.848075421,-1170.338,-20331.702,0,0
$TIME,2024,3,26,23,54,11.569783
$CH,18.500,L1CD,2,1750,43.3,8.848140052,-1169.618,-20448.688,0,0
$TIME,2024,3,26,23,54,11.575752
$CH,18.600,L1CD,2,1760,43.3,8.848189453,-1170.180,-20565.657,0,0
$TIME,2024,3,26,23,54,11.580751
$CH,18.700,L1CD,2,1770,43.3,8.848278368,-1169.285,-20682.633,0,0
$TIME,2024,3,26,23,54,11.584771
$CH,18.800,L1CD,2,1780,43.3,8.848375407,-1170.211,-20799.604,0,0
$TIME,2024,3,26,23,54,11.590765
$CH,18.900,L1CD,2,1790,43.3,8.848414222,-1170.049,-20916.603,0,0
$TIME,2024,3,26,23,54,11.594750
$CH,19.000,L1CD,2,1800,43.6,8.848488763,-1170.064,-21033.603,0,0
$TIME,2024,3,26,23,54,11.599753
$CH,19.100,L1CD,2,1810,43.6,8.848598801,-1170.561,-21150.595,0,0
$TIME,2024,3,26,23,54,11.604769
$CH,19.200,L1CD,2,1820,43.6,8.848649874,-1169.776,-21267.604,0,0
$TIME,2024,3,26,23,54,11.608753
$CH,19.300,L1CD,2,1830,43.6,8.848712153,-1170.130,-21384.580,0,0
$TIME,2024,3,26,23,54,11.613751
$CH,19.400,L1CD,2,1840,43.6,8.848813287,-1169.699,-21501.568,0,0
$TIME,2024,3,26,23,54,11.618768
$CH,19.500,L1CD,2,1850,43.6,8.848888482,-1170.303,-21618.557,0,0
$TIME,2024,3,26,23,54,11.623751
$CH,19.600,L1CD,2,1860,43.6,8.848934418,-1169.669,-21735.561,0,0
$TIME,2024,3,26,23,54,11.628802
$CH,19.700,L1CD,2,1870,43.6,8.849020722,-1170.080,-21852.549,0,0
$TIME,2024,3,26,23,54,11.633783
$CH,19.800,L1CD,2,1880,43.6,8.849123880,-1169.602,-21969.544,0,0
$TIME,2024,3,26,23,54,11.638810
$CH,19.900,L1CD,2,1890,43.6,8.849159040,-1170.262,-22086.541,0,0
$TIME,2024,3,26,23,54,11.643503
$CH,20.000,L1CD,2,1900,43.2,8.849231331,-1170.543,-22203.564,0,0
$TIME,2024,3,26,23,54,11.648367
$CH,20.100,L1CD,2,1910,43.2,8.849340290,-1170.141,-22320.580,0,0
$TIME,2024,3,26,23,54,11.653367
$CH,20.200,L1CD,2,1920,43.2,8.849399782,-1170.013,-22437.599,0,0
$TIME,2024,3,26,23,54,11.658363
$CH,20.300,L1CD,2,1930,43.2,8.849456199,-1170.175,-22554.612,0,0
$TIME,2024,3,26,23,54,11.663350
$CH,20.400,L1CD,2,1940,43.2,8.849550565,-1170.890,-22671.634,0,0
$TIME,2024,3,26,23,54,11.667350
$CH,20.500,L1CD,2,1950,43.2,8.849634097,-1169.828,-22788.650,0,0
$TIME,2024,3,26,23,54,11.699366
$CH,20.600,L1CD,2,1960,43.2,8.849678394,-1170.349,-22905.649,0,0
$TIME,2024,3,26,23,54,11.724350
$CH,20.700,L1CD,2,1970,43.2,8.849761500,-1170.653,-23022.672,0,0
$TIME,2024,3,26,23,54,11.750968
$CH,20.800,L1CD,2,1980,43.2,8.849876678,-1170.132,-23139.693,0,0
$TIME,2024,3,26,23,54,11.774962
$CH,20.900,L1CD,2,1990,43.2,8.849915598,-1170.052,-23256.723,0,0
$TIME,2024,3,26,23,54,11.801965
$CH,21.000,L1CD,2,2000,43.2,8.849984206,-1170.102,-23373.732,0,0
$TIME,2024,3,26,23,54,11.826065
$CH,21.100,L1CD,2,2010,43.2,8.850088241,-1170.645,-23490.756,0,0
$TIME,2024,3,26,23,54,11.856625
$CH,21.200,L1CD,2,2020,43.2,8.850146654,-1170.521,-23607.776,0,0
$TIME,2024,3,26,23,54,11.883584
$CH,21.300,L1CD,2,2030,43.2,8.850202600,-1170.297,-23724.794,0,0
$TIME,2024,3,26,23,54,11.907683
$CH,21.400,L1CD,2,2040,43.2,8.850300321,-1170.535,-23841.827,0,0
$TIME,2024,3,26,23,54,11.933789
$CH,21.500,L1CD,2,2050,43.2,8.850383662,-1169.683,-23958.864,0,0
$TIME,2024,3,26,23,54,11.962241
$CH,21.600,L1CD,2,2060,43.2,8.850423801,-1170.388,-24075.898,0,0
$TIME,2024,3,26,23,54,11.987341
$CH,21.700,L1CD,2,2070,43.2,8.850502899,-1170.712,-24192.922,0,0
$TIME,2024,3,26,23,54,12.013242
$CH,21.800,L1CD,2,2080,43.2,8.850615353,-1170.354,-24309.961,0,0
$TIME,2024,3,26,23,54,12.039348
$CH,21.900,L1CD,2,2090,43.2,8.850661053,-1170.273,-24427.018,0,0
$TIME,2024,3,26,23,54,12.066402
$CH,22.000,L1CD,2,2100,42.9,8.850725076,-1170.041,-24544.053,0,0
$TIME,2024,3,26,23,54,12.091494
$CH,22.100,L1CD,2,2110,42.9,8.850830683,-1170.347,-24661.084,0,0
$TIME,2024,3,26,23,54,12.117450
$CH,22.200,L1CD,2,2120,42.9,8.850895946,-1170.559,-24778.122,0,0
$TIME,2024,3,26,23,54,12.142907
$CH,22.300,L1CD,2,2130,42.9,8.850946989,-1170.357,-24895.177,0,0
$TIME,2024,3,26,23,54,12.174913
$CH,22.400,L1CD,2,2140,42.9,8.851036309,-1170.045,-25012.233,0,0
$TIME,2024,3,26,23,54,12.202912
$CH,22.500,L1CD,2,2150,42.9,8.851133857,-1170.155,-25129.273,0,0
$TIME,2024,3,26,23,54,12.232919
$CH,22.600,L1CD,2,2160,42.9,8.851172472,-1170.364,-25246.313,0,0
$TIME,2024,3,26,23,54,12.261426
$CH,22.700,L1CD,2,2170,42.9,8.851245482,-1170.100,-25363.355,0,0
$TIME,2024,3,26,23,54,12.290466
$CH,22.800,L1CD,2,2180,42.9,8.851352695,-1170.220,-25480.399,0,0
$TIME,2024,3,26,23,54,12.317425
$CH,22.900,L1CD,2,2190,42.9,8.851403283,-1170.621,-25597.451,0,0
$TIME,2024,3,26,23,54,12.345960
$CH,23.000,L1CD,2,2200,43.2,8.851460208,-1170.822,-25714.518,0,0
$TIME,2024,3,26,23,54,12.370959
$CH,23.100,L1CD,2,2210,43.2,8.851559534,-1170.620,-25831.578,0,0
$TIME,2024,3,26,23,54,12.398959
$CH,23.200,L1CD,2,2220,43.2,8.851635214,-1170.909,-25948.629,0,0
$TIME,2024,3,26,23,54,12.424017
$CH,23.300,L1CD,2,2230,43.2,8.851682898,-1170.914,-26065.677,0,0
$TIME,2024,3,26,23,54,12.448628
$CH,23.400,L1CD,2,2240,43.2,8.851765462,-1170.334,-26182.746,0,0
$TIME,2024,3,26,23,54,12.474626
$CH,23.500,L1CD,2,2250,43.2,8.851877050,-1170.706,-26299.807,0,0
$TIME,2024,3,26,23,54,12.498626
$CH,23.600,L1CD,2,2260,43.2,8.851916867,-1170.608,-26416.859,0,0
$TIME,2024,3,26,23,54,12.524623
$CH,23.700,L1CD,2,2270,43.2,8.851987932,-1171.006,-26533.939,0,0
$TIME,2024,3,26,23,54,12.551152
$CH,23.800,L1CD,2,2280,43.2,8.852094240,-1171.401,-26650.996,0,0
$TIME,2024,3,26,23,54,12.575240
$CH,23.900,L1CD,2,2290,43.2,8.852152304,-1171.113,-26768.057,0,0
$TIME,2024,3,26,23,54,12.601141
$CH,24.000,L1CD,2,2300,43.2,8.852207105,-1171.132,-26885.137,0,0
$TIME,2024,3,26,23,54,12.628146
$CH,24.100,L1CD,2,2310,43.2,8.852304209,-1170.591,-27002.222,0,0
$TIME,2024,3,26,23,54,12.652709
$CH,24.200,L1CD,2,2320,43.2,8.852389135,-1171.080,-27119.300,0,0
$TIME,2024,3,26,23,54,12.677706
$CH,24.300,L1CD,2,2330,43.2,8.852432995,-1170.537,-27236.370,0,0
$TIME,2024,3,26,23,54,12.703707
$CH,24.400,L1CD,2,2340,43.2,8.852513302,-1170.339,-27353.452,0,0
$TIME,2024,3,26,23,54,12.728714
$CH,24.500,L1CD,2,2350,43.2,8.852626228,-1170.407,-27470.529,0,0
$TIME,2024,3,26,23,54,12.755275
$CH,24.600,L1CD,2,2360,43.2,8.852663988,-1170.904,-27587.601,0,0
$TIME,2024,3,26,23,54,12.781276
$CH,24.700,L1CD,2,2370,43.2,8.852731161,-1170.808,-27704.683,0,0
$TIME,2024,3,26,23,54,12.806274
$CH,24.800,L1CD,2,2380,43.2,8.852836438,-1170.549,-27821.764,0,0
$TIME,2024,3,26,23,54,12.833377
$CH,24.900,L1CD,2,2390,43.2,8.852896629,-1171.112,-27938.830,0,0
$TIME,2024,3,26,23,54,12.858138
$CH,25.000,L1CD,2,2400,43.4,8.852947279,-1170.809,-28055.919,0,0
$TIME,2024,3,26,23,54,12.883088
$CH,25.100,L1CD,2,2410,43.4,8.853039814,-1171.673,-28173.011,0,0
$TIME,2024,3,26,23,54,12.909157
$CH,25.200,L1CD,2,2420,43.4,8.853131735,-1170.429,-28290.113,0,0
$TIME,2024,3,26,23,54,12.934369
$CH,25.300,L1CD,2,2430,43.4,8.853172118,-1170.773,-28407.199,0,0
$TIME,2024,3,26,23,54,12.959500
$CH,25.400,L1CD,2,2440,43.4,8.853251871,-1170.778,-28524.294,0,0
$TIME,2024,3,26,23,54,12.984510
$CH,25.500,L1CD,2,2450,43.4,8.853361242,-1170.703,-28641.386,0,0
$TIME,2024,3,26,23,54,13.008605
$CH,25.600,L1CD,2,2460,43.4,8.853406494,-1170.782,-28758.482,0,0
$TIME,2024,3,26,23,54,13.033682
$CH,25.700,L1CD,2,2470,43.4,8.853468531,-1170.587,-28875.574,0,0
$TIME,2024,3,26,23,54,13.058716
$CH,25.800,L1CD,2,2480,43.4,8.853570657,-1171.186,-28992.673,0,0
$TIME,2024,3,26,23,54,13.083370
$CH,25.900,L1CD,2,2490,43.4,8.853643204,-1170.910,-29109.777,0,0
$TIME,2024,3,26,23,54,13.110272
$CH,26.000,L1CD,2,2500,43.2,8.853695966,-1170.770,-29226.867,0,0
$TIME,2024,3,26,23,54,13.134424
$CH,26.100,L1CD,2,2510,43.2,8.853784581,-1171.347,-29343.957,0,0
$TIME,2024,3,26,23,54,13.160165
$CH,26.200,L1CD,2,2520,43.2,8.853883761,-1171.571,-29461.064,0,0
$TIME,2024,3,26,23,54,13.185286
$CH,26.300,L1CD,2,2530,43.2,8.853918912,-1171.357,-29578.196,0,0
$TIME,2024,3,26,23,54,13.210166
$CH,26.400,L1CD,2,2540,43.2,8.853991792,-1170.631,-29695.307,0,0
$TIME,2024,3,26,23,54,13.236271
$CH,26.500,L1CD,2,2550,43.2,8.854101901,-1171.670,-29812.401,0,0
$TIME,2024,3,26,23,54,13.263937
$CH,26.600,L1CD,2,2560,43.2,8.854150967,-1171.077,-29929.515,0,0
$TIME,2024,3,26,23,54,13.289893
$CH,26.700,L1CD,2,2570,43.2,8.854212463,-1170.995,-30046.628,0,0
$TIME,2024,3,26,23,54,13.315893
$CH,26.800,L1CD,2,2580,43.2,8.854312673,-1170.808,-30163.748,0,0
$TIME,2024,3,26,23,54,13.341028
$CH,26.900,L1CD,2,2590,43.2,8.854387362,-1171.054,-30280.871,0,0
$TIME,2024,3,26,23,54,13.367426
$CH,27.000,L1CD,2,2600,43.3,8.854434578,-1171.032,-30397.995,0,0
$TIME,2024,3,26,23,54,13.391525
$CH,27.100,L1CD,2,2610,43.3,8.854521273,-1171.001,-30515.109,0,0
$TIME,2024,3,26,23,54,13.418429
$CH,27.200,L1CD,2,2620,43.3,8.854625287,-1171.338,-30632.224,0,0
$TIME,2024,3,26,23,54,13.442432
$CH,27.300,L1CD,2,2630,43.3,8.854661203,-1171.075,-30749.353,0,0
$TIME,2024,3,26,23,54,13.468050
$CH,27.400,L1CD,2,2640,43.3,8.854731536,-1171.548,-30866.477,0,0
$TIME,2024,3,26,23,54,13.494944
$CH,27.500,L1CD,2,2650,43.3,8.854840881,-1171.311,-30983.607,0,0
$TIME,2024,3,26,23,54,13.519943
$CH,27.600,L1CD,2,2660,43.3,8.854899120,-1171.281,-31100.743,0,0
$TIME,2024,3,26,23,54,13.547544
$CH,27.700,L1CD,2,2670,43.3,8.854956223,-1171.508,-31217.878,0,0
$TIME,2024,3,26,23,54,13.672939
$CH,27.800,L1CD,2,2680,43.3,8.855052664,-1171.075,-31335.015,0,0
$TIME,2024,3,26,23,54,13.700939
$CH,27.900,L1CD,2,2690,43.3,8.855134501,-1171.398,-31452.148,0,0
$TIME,2024,3,26,23,54,13.730001
$CH,28.000,L1CD,2,2700,43.0,8.855178629,-1171.225,-31569.282,0,0
$TIME,2024,3,26,23,54,13.757063
$CH,28.100,L1CD,2,2710,43.0,8.855261116,-1171.482,-31686.430,0,0
$TIME,2024,3,26,23,54,13.784099
$CH,28.200,L1CD,2,2720,43.0,8.855372240,-1171.301,-31803.563,0,0
$TIME,2024,3,26,23,54,13.814063
$CH,28.300,L1CD,2,2730,43.0,8.855408047,-1171.647,-31920.706,0,0
$TIME,2024,3,26,23,54,13.841065
$CH,28.400,L1CD,2,2740,43.0,8.855474461,-1171.294,-32037.843,0,0
$TIME,2024,3,26,23,54,13.868574
$CH,28.500,L1CD,2,2750,43.0,8.855580088,-1171.738,-32154.981,0,0
$TIME,2024,3,26,23,54,13.895575
$CH,28.600,L1CD,2,2760,43.0,8.855648153,-1171.327,-32272.125,0,0
$TIME,2024,3,26,23,54,13.923573
$CH,28.700,L1CD,2,2770,43.0,8.855700286,-1171.609,-32389.266,0,0
$TIME,2024,3,26,23,54,13.949087
$CH,28.800,L1CD,2,2780,43.0,8.855793279,-1171.559,-32506.418,0,0
$TIME,2024,3,26,23,54,13.974105
$CH,28.900,L1CD,2,2790,43.0,8.855881987,-1171.696,-32623.576,0,0
$TIME,2024,3,26,23,54,14.000089
$CH,29.000,L1CD,2,2800,43.0,8.855922845,-1171.303,-32740.734,0,0
$TIME,2024,3,26,23,54,14.026104
$CH,29.100,L1CD,2,2810,43.0,8.856002856,-1171.923,-32857.902,0,0
$TIME,2024,3,26,23,54,14.052250
$CH,29.200,L1CD,2,2820,43.0,8.856114276,-1171.807,-32975.052,0,0
$TIME,2024,3,26,23,54,14.077251
$CH,29.300,L1CD,2,2830,43.0,8.856157269,-1171.251,-33092.188,0,0
$TIME,2024,3,26,23,54,14.101273
$CH,29.400,L1CD,2,2840,43.0,8.856221344,-1171.879,-33209.329,0,0
$TIME,2024,3,26,23,54,14.127420
$CH,29.500,L1CD,2,2850,43.0,8.856322405,-1171.857,-33326.487,0,0
$TIME,2024,3,26,23,54,14.153200
$CH,29.600,L1CD,2,2860,43.0,8.856390416,-1170.895,-33443.659,0,0
$TIME,2024,3,26,23,54,14.178155
$CH,29.700,L1CD,2,2870,43.0,8.856440971,-1171.496,-33560.809,0,0
$TIME,2024,3,26,23,54,14.203256
$CH,29.800,L1CD,2,2880,43.0,8.856529948,-1171.655,-33677.972,0,0
$TIME,2024,3,26,23,54,14.229259
$CH,29.900,L1CD,2,2890,43.0,8.856629633,-1171.302,-33795.131,0,0
$TIME,2024,3,26,23,54,14.253076
$CH,30.000,L1CD,2,2900,43.0,8.856668787,-1171.686,-33912.310,0,0
$TIME,2024,3,26,23,54,14.281086
$CH,30.100,L1CD,2,2910,43.0,8.856745482,-1171.551,-34029.488,0,0
$TIME,2024,3,26,23,54,14.305087
$CH,30.200,L1CD,2,2920,43.0,8.856853420,-1171.363,-34146.666,0,0
$TIME,2024,3,26,23,54,14.329078
$CH,30.300,L1CD,2,2930,43.0,8.856903998,-1171.992,-34263.826,0,0
$TIME,2024,3,26,23,54,14.355594
$CH,30.400,L1CD,2,2940,43.0,8.856965899,-1171.585,-34380.994,0,0
$TIME,2024,3,26,23,54,14.379691
$CH,30.500,L1CD,2,2950,43.0,8.857066786,-1171.989,-34498.173,0,0
$TIME,2024,3,26,23,54,14.405591
$CH,30.600,L1CD,2,2960,43.0,8.857141283,-1171.761,-34615.359,0,0
$TIME,2024,3,26,23,54,14.429593
$CH,30.700,L1CD,2,2970,43.0,8.857189101,-1171.553,-34732.530,0,0
$TIME,2024,3,26,23,54,14.455108
$CH,30.800,L1CD,2,2980,43.0,8.857277384,-1171.185,-34849.706,0,0
$TIME,2024,3,26,23,54,14.482354
$CH,30.900,L1CD,2,2990,43.0,8.857382041,-1171.527,-34966.880,0,0
$TIME,2024,3,26,23,54,14.506360
$CH,31.000,L1CD,2,3000,43.0,8.857421277,-1172.166,-35084.053,0,0
$TIME,2024,3,26,23,54,14.533463
$CH,31.100,L1CD,2,3010,43.0,8.857490804,-1171.795,-35201.249,0,0
$TIME,2024,3,26,23,54,14.560246
$CH,31.200,L1CD,2,3020,43.0,8.857598754,-1171.761,-35318.420,0,0
$TIME,2024,3,26,23,54,14.585270
$CH,31.300,L1CD,2,3030,43.0,8.857649931,-1171.569,-35435.597,0,0
$TIME,2024,3,26,23,54,14.611254
$CH,31.400,L1CD,2,3040,43.0,8.857706554,-1172.329,-35552.802,0,0
$TIME,2024,3,26,23,54,14.636362
$CH,31.500,L1CD,2,3050,43.0,8.857803317,-1171.877,-35669.992,0,0
$TIME,2024,3,26,23,54,14.661120
$CH,31.600,L1CD,2,3060,43.0,8.857888453,-1171.830,-35787.160,0,0
$TIME,2024,3,26,23,54,14.687981
$CH,31.700,L1CD,2,3070,43.0,8.857933129,-1172.007,-35904.357,0,0
$TIME,2024,3,26,23,54,14.712982
$CH,31.800,L1CD,2,3080,43.0,8.858016490,-1171.985,-36021.549,0,0
$TIME,2024,3,26,23,54,14.737197
$CH,31.900,L1CD,2,3090,43.0,8.858123184,-1172.150,-36138.742,0,0
$TIME,2024,3,26,23,54,14.761751
$CH,32.000,L1CD,2,3100,42.9,8.858162052,-1171.963,-36255.941,0,0
$TIME,2024,3,26,23,54,14.786754
$CH,32.100,L1CD,2,3110,42.9,8.858231352,-1171.919,-36373.135,0,0
$TIME,2024,3,26,23,54,14.813757
$CH,32.200,L1CD,2,3120,42.9,8.858335483,-1172.396,-36490.322,0,0
$TIME,2024,3,26,23,54,14.839375
$CH,32.300,L1CD,2,3130,42.9,8.858392182,-1171.957,-36607.538,0,0
$LOG,32.380,L1CD,2,FRAME SYNC (N) TOI=36
$LOG,32.380,L1CD,2,FRAME SYNC (R) TOI=292
$CNV2,13.860,L1CD,2,921F689DDD00EEBFE082900000000000000003E97170CC20CE800156B22E00695F0728933A73337F2D800000000000000000000000000000000000008D7FF3FFE000000000000001B544A68181067DA8301016C8C010035F800FFE61400BFF2F2806026DE803FFF6B8155559D1A1C0
$TIME,2024,3,26,23,54,14.869198
$CH,32.400,L1CD,2,3140,42.9,8.858446578,-1172.165,-36724.748,1,0
$TIME,2024,3,26,23,54,14.874147
$CH,32.500,L1CD,2,3150,42.9,8.858542381,-1171.877,-36841.946,1,0
$TIME,2024,3,26,23,54,14.879202
$CH,32.600,L1CD,2,3160,42.9,8.858634761,-1172.223,-36959.126,1,0
$TIME,2024,3,26,23,54,14.884100
$CH,32.700,L1CD,2,3170,42.9,8.858677586,-1172.262,-37076.329,1,0
$TIME,2024,3,26,23,54,14.889203
$CH,32.800,L1CD,2,3180,42.9,8.858757850,-1171.995,-37193.539,1,0
$TIME,2024,3,26,23,54,14.894198
$CH,32.900,L1CD,2,3190,42.9,8.858867969,-1171.817,-37310.731,1,0
$TIME,2024,3,26,23,54,14.899102
$CH,33.000,L1CD,2,3200,43.0,8.858903403,-1172.037,-37427.942,1,0
$TIME,2024,3,26,23,54,14.904200
$CH,33.100,L1CD,2,3210,43.0,8.858966592,-1172.889,-37545.155,1,0
$TIME,2024,3,26,23,54,14.910099
$CH,33.200,L1CD,2,3220,43.0,8.859069912,-1172.358,-37662.380,1,0
$TIME,2024,3,26,23,54,14.915100
$CH,33.300,L1CD,2,3230,43.0,8.859142612,-1172.103,-37779.594,1,0
$TIME,2024,3,26,23,54,14.921099
$CH,33.400,L1CD,2,3240,43.0,8.859190264,-1171.978,-37896.792,1,0
$TIME,2024,3,26,23,54,14.926098
$CH,33.500,L1CD,2,3250,43.0,8.859283633,-1171.670,-38014.001,1,0
$TIME,2024,3,26,23,54,14.931136
$CH,33.600,L1CD,2,3260,43.0,8.859382241,-1172.494,-38131.203,1,0
$TIME,2024,3,26,23,54,14.935740
$CH,33.700,L1CD,2,3270,43.0,8.859421317,-1172.349,-38248.435,1,0
$TIME,2024,3,26,23,54,14.940746
$CH,33.800,L1CD,2,3280,43.0,8.859496570,-1172.458,-38365.668,1,0
$TIME,2024,3,26,23,54,14.946904
$CH,33.900,L1CD,2,3290,43.0,8.859606800,-1172.827,-38482.896,1,0
$TIME,2024,3,26,23,54,14.951905
$CH,34.000,L1CD,2,3300,43.3,8.859650752,-1172.093,-38600.125,1,0
$TIME,2024,3,26,23,54,14.956921
$CH,34.100,L1CD,2,3310,43.3,8.859713672,-1172.742,-38717.341,1,0
$TIME,2024,3,26,23,54,14.961905
$CH,34.200,L1CD,2,3320,43.3,8.859812780,-1171.996,-38834.575,1,0
$TIME,2024,3,26,23,54,14.966905
$CH,34.300,L1CD,2,3330,43.3,8.859887654,-1172.022,-38951.801,1,0
$TIME,2024,3,26,23,54,14.971904
$CH,34.400,L1CD,2,3340,43.3,8.859936019,-1172.416,-39069.027,1,0
$TIME,2024,3,26,23,54,14.976904
$CH,34.500,L1CD,2,3350,43.3,8.860021957,-1172.431,-39186.256,1,0
$TIME,2024,3,26,23,54,14.981905
$CH,34.600,L1CD,2,3360,43.3,8.860127326,-1172.681,-39303.498,1,0
$TIME,2024,3,26,23,54,14.986904
$CH,34.700,L1CD,2,3370,43.3,8.860165424,-1172.134,-39420.728,1,0
$TIME,2024,3,26,23,54,14.992905
$CH,34.800,L1CD,2,3380,43.3,8.860241610,-1172.597,-39537.966,1,0
$TIME,2024,3,26,23,54,14.997905
$CH,34.900,L1CD,2,3390,43.3,8.860349316,-1172.244,-39655.206,1,0
$TIME,2024,3,26,23,54,15.002904
$CH,35.000,L1CD,2,3400,43.1,8.860398004,-1172.266,-39772.435,1,0
$TIME,2024,3,26,23,54,15.007908
$CH,35.100,L1CD,2,3410,43.1,8.860458195,-1172.297,-39889.677,1,0
$TIME,2024,3,26,23,54,15.012906
$CH,35.200,L1CD,2,3420,43.1,8.860557303,-1172.477,-40006.917,1,0
$TIME,2024,3,26,23,54,15.017924
$CH,35.300,L1CD,2,3430,43.1,8.860639739,-1172.108,-40124.164,1,0
$TIME,2024,3,26,23,54,15.022906
$CH,35.400,L1CD,2,3440,43.1,8.860686876,-1172.445,-40241.408,1,0
$TIME,2024,3,26,23,54,15.027905
$CH,35.500,L1CD,2,3450,43.1,8.860770765,-1172.624,-40358.657,1,0
$TIME,2024,3,26,23,54,15.031912
$CH,35.600,L1CD,2,3460,43.1,8.860875923,-1172.367,-40475.913,1,0
$TIME,2024,3,26,23,54,15.036912
$CH,35.700,L1CD,2,3470,43.1,8.860913974,-1172.433,-40593.166,1,0
$TIME,2024,3,26,23,54,15.042018
$CH,35.800,L1CD,2,3480,43.1,8.860982645,-1172.651,-40710.421,1,0
$TIME,2024,3,26,23,54,15.047425
$CH,35.900,L1CD,2,3490,43.1,8.861089739,-1172.680,-40827.666,1,0
$TIME,2024,3,26,23,54,15.052425
$CH,36.000,L1CD,2,3500,43.0,8.861148603,-1172.131,-40944.901,1,0
$TIME,2024,3,26,23,54,15.058426
$CH,36.100,L1CD,2,3510,43.0,8.861203164,-1172.886,-41062.158,1,0
$TIME,2024,3,26,23,54,15.063443
$CH,36.200,L1CD,2,3520,43.0,8.861297251,-1172.390,-41179.439,1,0
$TIME,2024,3,26,23,54,15.068424
$CH,36.300,L1CD,2,3530,43.0,8.861385773,-1172.987,-41296.706,1,0
$TIME,2024,3,26,23,54,15.073445
$CH,36.400,L1CD,2,3540,43.0,8.861427937,-1172.895,-41413.975,1,0
$TIME,2024,3,26,23,54,15.078424
$CH,36.500,L1CD,2,3550,43.0,8.861509772,-1172.545,-41531.245,1,0
$TIME,2024,3,26,23,54,15.083443
$CH,36.600,L1CD,2,3560,43.0,8.861618352,-1172.288,-41648.503,1,0
$TIME,2024,3,26,23,54,15.088424
$CH,36.700,L1CD,2,3570,43.0,8.861656305,-1173.092,-41765.748,1,0
$TIME,2024,3,26,23,54,15.093424
$CH,36.800,L1CD,2,3580,43.0,8.861724518,-1172.766,-41883.013,1,0
$TIME,2024,3,26,23,54,15.098426
$CH,36.900,L1CD,2,3590,43.0,8.861826395,-1172.938,-42000.285,1,0
$TIME,2024,3,26,23,54,15.104427
$CH,37.000,L1CD,2,3600,43.0,8.861890741,-1173.129,-42117.566,1,0
$TIME,2024,3,26,23,54,15.109808
$CH,37.100,L1CD,2,3610,43.0,8.861944529,-1172.925,-42234.841,1,0
$TIME,2024,3,26,23,54,15.113909
$CH,37.200,L1CD,2,3620,43.0,8.862037959,-1172.452,-42352.111,1,0
$TIME,2024,3,26,23,54,15.119814
$CH,37.300,L1CD,2,3630,43.0,8.862127608,-1172.868,-42469.358,1,0
$TIME,2024,3,26,23,54,15.125012
$CH,37.400,L1CD,2,3640,43.0,8.862169098,-1172.628,-42586.635,1,0
$TIME,2024,3,26,23,54,15.129126
$CH,37.500,L1CD,2,3650,43.0,8.862247190,-1172.532,-42703.917,1,0
$TIME,2024,3,26,23,54,15.134194
$CH,37.600,L1CD,2,3660,43.0,8.862355548,-1172.694,-42821.196,1,0
$TIME,2024,3,26,23,54,15.139315
$CH,37.700,L1CD,2,3670,43.0,8.862404509,-1172.756,-42938.489,1,0
$TIME,2024,3,26,23,54,15.143326
$CH,37.800,L1CD,2,3680,43.0,8.862469359,-1172.794,-43055.766,1,0
$TIME,2024,3,26,23,54,15.148935
$CH,37.900,L1CD,2,3690,43.0,8.862573313,-1172.948,-43173.046,1,0
$TIME,2024,3,26,23,54,15.153952
$CH,38.000,L1CD,2,3700,43.5,8.862638428,-1173.261,-43290.329,1,0
$TIME,2024,3,26,23,54,15.158937
$CH,38.100,L1CD,2,3710,43.5,8.862689415,-1172.573,-43407.623,1,0
$TIME,2024,3,26,23,54,15.164959
$CH,38.200,L1CD,2,3720,43.5,8.862778728,-1172.306,-43524.905,1,0
$TIME,2024,3,26,23,54,15.169953
$CH,38.300,L1CD,2,3730,43.5,8.862878973,-1173.408,-43642.196,1,0
$TIME,2024,3,26,23,54,15.174934
$CH,38.400,L1CD,2,3740,43.5,8.862917248,-1172.683,-43759.489,1,0
$TIME,2024,3,26,23,54,15.179935
$CH,38.500,L1CD,2,3750,43.5,8.862991247,-1172.823,-43876.781,1,0
$TIME,2024,3,26,23,54,15.183952
$CH,38.600,L1CD,2,3760,43.5,8.863102285,-1173.395,-43994.065,1,0
$TIME,2024,3,26,23,54,15.188934
$CH,38.700,L1CD,2,3770,43.5,8.863154019,-1172.993,-44111.357,1,0
$TIME,2024,3,26,23,54,15.194939
$CH,38.800,L1CD,2,3780,43.5,8.863213752,-1173.236,-44228.663,1,0
$TIME,2024,3,26,23,54,15.200029
$CH,38.900,L1CD,2,3790,43.5,8.863311920,-1173.405,-44345.957,1,0
$TIME,2024,3,26,23,54,15.204142
$CH,39.000,L1CD,2,3800,43.3,8.863385966,-1173.044,-44463.267,1,0
$TIME,2024,3,26,23,54,15.209037
$CH,39.100,L1CD,2,3810,43.3,8.863434669,-1173.149,-44580.570,1,0
$TIME,2024,3,26,23,54,15.214134
$CH,39.200,L1CD,2,3820,43.3,8.863521386,-1173.502,-44697.873,1,0
$TIME,2024,3,26,23,54,15.218035
$CH,39.300,L1CD,2,3830,43.3,8.863627215,-1172.659,-44815.174,1,0
$TIME,2024,3,26,23,54,15.224037
$CH,39.400,L1CD,2,3840,43.3,8.863662185,-1173.466,-44932.487,1,0
$TIME,2024,3,26,23,54,15.230034
$CH,39.500,L1CD,2,3850,43.3,8.863734315,-1172.571,-45049.805,1,0
$TIME,2024,3,26,23,54,15.235041
$CH,39.600,L1CD,2,3860,43.3,8.863842769,-1173.062,-45167.104,1,0
$TIME,2024,3,26,23,54,15.240065
$CH,39.700,L1CD,2,3870,43.3,8.863901135,-1173.544,-45284.410,1,0
$TIME,2024,3,26,23,54,15.245040
$CH,39.800,L1CD,2,3880,43.3,8.863958357,-1172.771,-45401.731,1,0
$TIME,2024,3,26,23,54,15.249607
$CH,39.900,L1CD,2,3890,43.3,8.864056084,-1173.213,-45519.041,1,0
$TIME,2024,3,26,23,54,15.254588
$CH,40.000,L1CD,2,3900,43.3,8.864138079,-1173.069,-45636.371,1,0
$TIME,2024,3,26,23,54,15.259583
$CH,40.100,L1CD,2,3910,43.3,8.864184133,-1173.679,-45753.698,1,0
$TIME,2024,3,26,23,54,15.263607
$CH,40.200,L1CD,2,3920,43.3,8.864267354,-1173.269,-45871.029,1,0
$TIME,2024,3,26,23,54,15.268582
$CH,40.300,L1CD,2,3930,43.3,8.864374228,-1173.183,-45988.351,1,0
$TIME,2024,3,26,23,54,15.273583
$CH,40.400,L1CD,2,3940,43.3,8.864412768,-1173.395,-46105.682,1,0
$TIME,2024,3,26,23,54,15.278583
$CH,40.500,L1CD,2,3950,43.3,8.864484158,-1172.892,-46223.002,1,0
$TIME,2024,3,26,23,54,15.283583
$CH,40.600,L1CD,2,3960,43.3,8.864590545,-1173.462,-46340.312,1,0
$TIME,2024,3,26,23,54,15.288584
$CH,40.700,L1CD,2,3970,43.3,8.864649594,-1173.077,-46457.642,1,0
$TIME,2024,3,26,23,54,15.292683
$CH,40.800,L1CD,2,3980,43.3,8.864704665,-1172.923,-46574.956,1,0
$TIME,2024,3,26,23,54,15.297585
$CH,40.900,L1CD,2,3990,43.3,8.864798518,-1173.497,-46692.290,1,0
$TIME,2024,3,26,23,54,15.303583
$CH,41.000,L1CD,2,4000,43.2,8.864882929,-1173.270,-46809.641,1,0
$TIME,2024,3,26,23,54,15.307585
$CH,41.100,L1CD,2,4010,43.2,8.864927729,-1172.977,-46926.976,1,0
$TIME,2024,3,26,23,54,15.312684
$CH,41.200,L1CD,2,4020,43.2,8.865008270,-1173.171,-47044.303,1,0
$TIME,2024,3,26,23,54,15.316683
$CH,41.300,L1CD,2,4030,43.2,8.865118949,-1173.091,-47161.638,1,0
$TIME,2024,3,26,23,54,15.323623
$CH,41.400,L1CD,2,4040,43.2,8.865155084,-1173.365,-47278.988,1,0
$TIME,2024,3,26,23,54,15.327687
$CH,41.500,L1CD,2,4050,43.2,8.865220734,-1173.239,-47396.339,1,0
$TIME,2024,3,26,23,54,15.332616
$CH,41.600,L1CD,2,4060,43.2,8.865324662,-1173.786,-47513.679,1,0
$TIME,2024,3,26,23,54,15.337631
$CH,41.700,L1CD,2,4070,43.2,8.865389783,-1173.221,-47631.026,1,0
$TIME,2024,3,26,23,54,15.342639
$CH,41.800,L1CD,2,4080,43.2,8.865442646,-1173.389,-47748.361,1,0
$TIME,2024,3,26,23,54,15.347324
$CH,41.900,L1CD,2,4090,43.2,8.865538142,-1173.528,-47865.702,1,0
$TIME,2024,3,26,23,54,15.352273
$CH,42.000,L1CD,2,4100,42.9,8.865629659,-1173.528,-47983.055,1,0
$TIME,2024,3,26,23,54,15.357239
$CH,42.100,L1CD,2,4110,42.9,8.865674286,-1173.861,-48100.418,1,0
$TIME,2024,3,26,23,54,15.361327
$CH,42.200,L1CD,2,4120,42.9,8.865751176,-1173.727,-48217.785,1,0
$TIME,2024,3,26,23,54,15.367227
$CH,42.300,L1CD,2,4130,42.9,8.865860785,-1173.302,-48335.141,1,0
$TIME,2024,3,26,23,54,15.372226
$CH,42.400,L1CD,2,4140,42.9,8.865903533,-1173.887,-48452.479,1,0
$TIME,2024,3,26,23,54,15.377226
$CH,42.500,L1CD,2,4150,42.9,8.865969410,-1173.696,-48569.840,1,0
$TIME,2024,3,26,23,54,15.382227
$CH,42.600,L1CD,2,4160,42.9,8.866075595,-1173.566,-48687.198,1,0
$TIME,2024,3,26,23,54,15.387324
$CH,42.700,L1CD,2,4170,42.9,8.866140807,-1173.734,-48804.571,1,0
$TIME,2024,3,26,23,54,15.391324
$CH,42.800,L1CD,2,4180,42.9,8.866191192,-1173.919,-48921.920,1,0
$TIME,2024,3,26,23,54,15.396226
$CH,42.900,L1CD,2,4190,42.9,8.866282501,-1173.538,-49039.288,1,0
$TIME,2024,3,26,23,54,15.401231
$CH,43.000,L1CD,2,4200,42.8,8.866380265,-1173.741,-49156.651,1,0
$TIME,2024,3,26,23,54,15.406326
$CH,43.100,L1CD,2,4210,42.8,8.866423260,-1173.383,-49274.030,1,0
$TIME,2024,3,26,23,54,15.410327
$CH,43.200,L1CD,2,4220,42.8,8.866498237,-1173.742,-49391.409,1,0
$TIME,2024,3,26,23,54,15.415226
$CH,43.300,L1CD,2,4230,42.8,8.866606567,-1173.470,-49508.779,1,0
$TIME,2024,3,26,23,54,15.420225
$CH,43.400,L1CD,2,4240,42.8,8.866649314,-1173.753,-49626.143,1,0
$TIME,2024,3,26,23,54,15.424326
$CH,43.500,L1CD,2,4250,42.8,8.866713416,-1173.772,-49743.518,1,0
$TIME,2024,3,26,23,54,15.429224
$CH,43.600,L1CD,2,4260,42.8,8.866814515,-1173.510,-49860.886,1,0
$TIME,2024,3,26,23,54,15.434273
$CH,43.700,L1CD,2,4270,42.8,8.866887708,-1173.720,-49978.265,1,0
$TIME,2024,3,26,23,54,15.439523
$CH,43.800,L1CD,2,4280,42.8,8.866936169,-1173.649,-50095.649,1,0
$TIME,2024,3,26,23,54,15.444531
$CH,43.900,L1CD,2,4290,42.8,8.867025884,-1173.929,-50213.023,1,0
$TIME,2024,3,26,23,54,15.449614
$CH,44.000,L1CD,2,4300,43.1,8.867132170,-1173.888,-50330.429,1,0
$TIME,2024,3,26,23,54,15.454709
$CH,44.100,L1CD,2,4310,43.1,8.867171399,-1173.713,-50447.814,1,0
$TIME,2024,3,26,23,54,15.460613
$CH,44.200,L1CD,2,4320,43.1,8.867243827,-1173.679,-50565.194,1,0
$TIME,2024,3,26,23,54,15.465630
$CH,44.300,L1CD,2,4330,43.1,8.867351407,-1174.166,-50682.577,1,0
$TIME,2024,3,26,23,54,15.469629
$CH,44.400,L1CD,2,4340,43.1,8.867402388,-1173.597,-50799.961,1,0
$TIME,2024,3,26,23,54,15.474610
$CH,44.500,L1CD,2,4350,43.1,8.867460043,-1174.058,-50917.358,1,0
$TIME,2024,3,26,23,54,15.479611
$CH,44.600,L1CD,2,4360,43.1,8.867554942,-1173.699,-51034.747,1,0
$TIME,2024,3,26,23,54,15.484611
$CH,44.700,L1CD,2,4370,43.1,8.867635144,-1174.013,-51152.147,1,0
$TIME,2024,3,26,23,54,15.489628
$CH,44.800,L1CD,2,4380,43.1,8.867682729,-1173.515,-51269.539,1,0
$TIME,2024,3,26,23,54,15.494628
$CH,44.900,L1CD,2,4390,43.1,8.867767843,-1174.063,-51386.928,1,0
$TIME,2024,3,26,23,54,15.499611
$CH,45.000,L1CD,2,4400,43.0,8.867872457,-1174.053,-51504.338,1,0
$TIME,2024,3,26,23,54,15.503713
$CH,45.100,L1CD,2,4410,43.0,8.867911942,-1174.139,-51621.743,1,0
$TIME,2024,3,26,23,54,15.509616
$CH,45.200,L1CD,2,4420,43.0,8.867980670,-1173.991,-51739.145,1,0
$TIME,2024,3,26,23,54,15.514651
$CH,45.300,L1CD,2,4430,43.0,8.868086875,-1173.952,-51856.541,1,0
$TIME,2024,3,26,23,54,15.518714
$CH,45.400,L1CD,2,4440,43.0,8.868144677,-1173.985,-51973.944,1,0
$TIME,2024,3,26,23,54,15.523614
$CH,45.500,L1CD,2,4450,43.0,8.868202071,-1173.958,-52091.352,1,0
$TIME,2024,3,26,23,54,15.527628
$CH,45.600,L1CD,2,4460,43.0,8.868295418,-1174.379,-52208.759,1,0
$TIME,2024,3,26,23,54,15.532661
$CH,45.700,L1CD,2,4470,43.0,8.868385697,-1173.417,-52326.173,1,0
$TIME,2024,3,26,23,54,15.537643
$CH,45.800,L1CD,2,4480,43.0,8.868430150,-1174.333,-52443.573,1,0
$TIME,2024,3,26,23,54,15.542659
$CH,45.900,L1CD,2,4490,43.0,8.868511711,-1174.497,-52560.993,1,0
$TIME,2024,3,26,23,54,15.548157
$CH,46.000,L1CD,2,4500,43.4,8.868622672,-1173.768,-52678.422,1,0
$TIME,2024,3,26,23,54,15.552155
$CH,46.100,L1CD,2,4510,43.4,8.868661288,-1174.727,-52795.833,1,0
$TIME,2024,3,26,23,54,15.557154
$CH,46.200,L1CD,2,4520,43.4,8.868727633,-1174.359,-52913.264,1,0
$TIME,2024,3,26,23,54,15.562155
$CH,46.300,L1CD,2,4530,43.4,8.868830663,-1173.921,-53030.680,1,0
$TIME,2024,3,26,23,54,15.567267
$CH,46.400,L1CD,2,4540,43.4,8.868897261,-1173.815,-53148.104,1,0
$TIME,2024,3,26,23,54,15.573157
$CH,46.500,L1CD,2,4550,43.4,8.868950831,-1174.056,-53265.531,1,0
$TIME,2024,3,26,23,54,15.578155
$CH,46.600,L1CD,2,4560,43.4,8.869043223,-1174.098,-53382.950,1,0
$TIME,2024,3,26,23,54,15.582204
$CH,46.700,L1CD,2,4570,43.4,8.869137033,-1174.350,-53500.367,1,0
$TIME,2024,3,26,23,54,15.588239
$CH,46.800,L1CD,2,4580,43.4,8.869180627,-1174.116,-53617.800,1,0
$TIME,2024,3,26,23,54,15.593255
$CH,46.900,L1CD,2,4590,43.4,8.869259719,-1174.570,-53735.230,1,0
$TIME,2024,3,26,23,54,15.597153
$CH,47.000,L1CD,2,4600,43.4,8.869371792,-1174.007,-53852.666,1,0
$TIME,2024,3,26,23,54,15.602153
$CH,47.100,L1CD,2,4610,43.4,8.869407960,-1174.422,-53970.091,1,0
$TIME,2024,3,26,23,54,15.607154
$CH,47.200,L1CD,2,4620,43.4,8.869475164,-1174.280,-54087.539,1,0
$TIME,2024,3,26,23,54,15.611170
$CH,47.300,L1CD,2,4630,43.4,8.869578595,-1174.383,-54204.950,1,0
$TIME,2024,3,26,23,54,15.616171
$CH,47.400,L1CD,2,4640,43.4,8.869644860,-1174.577,-54322.379,1,0
$TIME,2024,3,26,23,54,15.621155
$CH,47.500,L1CD,2,4650,43.4,8.869695135,-1174.313,-54439.818,1,0
$TIME,2024,3,26,23,54,15.626153
$CH,47.600,L1CD,2,4660,43.4,8.869788235,-1174.427,-54557.253,1,0
$TIME,2024,3,26,23,54,15.630174
$CH,47.700,L1CD,2,4670,43.4,8.869878573,-1174.340,-54674.711,1,0
$TIME,2024,3,26,23,54,15.636183
$CH,47.800,L1CD,2,4680,43.4,8.869919297,-1174.489,-54792.161,1,0
$TIME,2024,3,26,23,54,15.640184
$CH,47.900,L1CD,2,4690,43.4,8.869996654,-1174.629,-54909.603,1,0
$TIME,2024,3,26,23,54,15.645203
$CH,48.000,L1CD,2,4700,43.3,8.870106955,-1174.159,-55027.049,1,0
$TIME,2024,3,26,23,54,15.649748
$CH,48.100,L1CD,2,4710,43.3,8.870149057,-1174.251,-55144.487,1,0
$TIME,2024,3,26,23,54,15.655750
$CH,48.200,L1CD,2,4720,43.3,8.870211117,-1174.087,-55261.939,1,0
$TIME,2024,3,26,23,54,15.660764
$CH,48.300,L1CD,2,4730,43.3,8.870313142,-1174.451,-55379.386,1,0
$TIME,2024,3,26,23,54,15.665765
$CH,48.400,L1CD,2,4740,43.3,8.870388035,-1174.492,-55496.829,1,0
$TIME,2024,3,26,23,54,15.670748
$CH,48.500,L1CD,2,4750,43.3,8.870439972,-1174.796,-55614.276,1,0
$TIME,2024,3,26,23,54,15.675766
$CH,48.600,L1CD,2,4760,43.3,8.870527336,-1174.866,-55731.734,1,0
$TIME,2024,3,26,23,54,15.680765
$CH,48.700,L1CD,2,4770,43.3,8.870625864,-1174.663,-55849.172,1,0
$TIME,2024,3,26,23,54,15.685748
$CH,48.800,L1CD,2,4780,43.3,8.870666312,-1174.925,-55966.623,1,0
$TIME,2024,3,26,23,54,15.690766
$CH,48.900,L1CD,2,4790,43.3,8.870741671,-1174.666,-56084.080,1,0
$TIME,2024,3,26,23,54,15.695747
$CH,49.000,L1CD,2,4800,43.0,8.870850823,-1174.379,-56201.536,1,0
$TIME,2024,3,26,23,54,15.700748
$CH,49.100,L1CD,2,4810,43.0,8.870901118,-1174.329,-56319.004,1,0
$TIME,2024,3,26,23,54,15.704767
$CH,49.200,L1CD,2,4820,43.0,8.870961535,-1174.897,-56436.469,1,0
$TIME,2024,3,26,23,54,15.709764
$CH,49.300,L1CD,2,4830,43.0,8.871062891,-1175.119,-56553.946,1,0
$TIME,2024,3,26,23,54,15.714749
$CH,49.400,L1CD,2,4840,43.0,8.871137577,-1174.797,-56671.419,1,0
$TIME,2024,3,26,23,54,15.719778
$CH,49.500,L1CD,2,4850,43.0,8.871187694,-1174.567,-56788.879,1,0
$TIME,2024,3,26,23,54,15.724748
$CH,49.600,L1CD,2,4860,43.0,8.871276618,-1174.433,-56906.329,1,0
$TIME,2024,3,26,23,54,15.728772
$CH,49.700,L1CD,2,4870,43.0,8.871375154,-1174.647,-57023.795,1,0
$TIME,2024,3,26,23,54,15.733755
$CH,49.800,L1CD,2,4880,43.0,8.871413679,-1175.119,-57141.271,1,0
$TIME,2024,3,26,23,54,15.738755
$CH,49.900,L1CD,2,4890,43.0,8.871486558,-1174.805,-57258.748,1,0
$TIME,2024,3,26,23,54,15.744758
$CH,50.000,L1CD,2,4900,43.5,8.871592882,-1174.941,-57376.222,1,0
$TIME,2024,3,26,23,54,15.749298
$CH,50.100,L1CD,2,4910,43.5,8.871648717,-1174.920,-57493.697,1,0
$TIME,2024,3,26,23,54,15.754315
$CH,50.200,L1CD,2,4920,43.5,8.871707455,-1174.630,-57611.183,1,0
$TIME,2024,3,26,23,54,15.758313
$CH,50.300,L1CD,2,4930,43.5,8.871804826,-1175.120,-57728.665,1,0
$LOG,50.380,L1CD,2,FRAME SYNC (R) TOI=293
$CNV2,31.860,L1CD,2,929F689DDD00EEBFE082900000000000000003E97170CC20CE800156B22E00695F0728933A73337F2D800000000000000000000000000000000000008D7FF3FFE000000000000001B544A68181087DA830106143B7E9A10D35D70B7517F98270015555555555555555555546148C40
$TIME,2024,3,26,23,54,15.766298
$CH,50.400,L1CD,2,4940,43.5,8.871885684,-1174.735,-57846.156,2,0
$TIME,2024,3,26,23,54,15.771320
$CH,50.500,L1CD,2,4950,43.5,8.871931875,-1174.473,-57963.644,2,0
$TIME,2024,3,26,23,54,15.776300
$CH,50.600,L1CD,2,4960,43.5,8.872014987,-1174.989,-58081.125,2,0
$TIME,2024,3,26,23,54,15.781316
$CH,50.700,L1CD,2,4970,43.5,8.872127244,-1175.030,-58198.617,2,0
$TIME,2024,3,26,23,54,15.786296
$CH,50.800,L1CD,2,4980,43.5,8.872163293,-1175.103,-58316.103,2,0
$TIME,2024,3,26,23,54,15.791296
$CH,50.900,L1CD,2,4990,43.5,8.872231671,-1174.983,-58433.602,2,0
$TIME,2024,3,26,23,54,15.796314
$CH,51.000,L1CD,2,5000,43.4,8.872338090,-1174.372,-58551.104,2,0
$TIME,2024,3,26,23,54,15.800296
$CH,51.100,L1CD,2,5010,43.4,8.872396169,-1175.060,-58668.594,2,0
$TIME,2024,3,26,23,54,15.805315
$CH,51.200,L1CD,2,5020,43.4,8.872451852,-1174.953,-58786.082,2,0
$TIME,2024,3,26,23,54,15.810297
$CH,51.300,L1CD,2,5030,43.4,8.872547274,-1174.786,-58903.585,2,0
$TIME,2024,3,26,23,54,15.815301
$CH,51.400,L1CD,2,5040,43.4,8.872638646,-1174.921,-59021.078,2,0
$TIME,2024,3,26,23,54,15.821296
$CH,51.500,L1CD,2,5050,43.4,8.872681873,-1174.958,-59138.585,2,0
$TIME,2024,3,26,23,54,15.826299
$CH,51.600,L1CD,2,5060,43.4,8.872765265,-1175.010,-59256.071,2,0
$TIME,2024,3,26,23,54,15.831298
$CH,51.700,L1CD,2,5070,43.4,8.872877672,-1175.215,-59373.565,2,0
$TIME,2024,3,26,23,54,15.837303
$CH,51.800,L1CD,2,5080,43.4,8.872915470,-1174.843,-59491.075,2,0
$TIME,2024,3,26,23,54,15.843303
$CH,51.900,L1CD,2,5090,43.4,8.872982568,-1174.953,-59608.569,2,0
$TIME,2024,3,26,23,54,15.847814
$CH,52.000,L1CD,2,5100,43.1,8.873091301,-1175.129,-59726.071,2,0
$TIME,2024,3,26,23,54,15.852815
$CH,52.100,L1CD,2,5110,43.1,8.873149386,-1175.132,-59843.586,2,0
$TIME,2024,3,26,23,54,15.858911
$CH,52.200,L1CD,2,5120,43.1,8.873202798,-1175.043,-59961.101,2,0
$TIME,2024,3,26,23,54,15.863813
$CH,52.300,L1CD,2,5130,43.1,8.873296225,-1175.308,-60078.607,2,0
$TIME,2024,3,26,23,54,15.867832
$CH,52.400,L1CD,2,5140,43.1,8.873386426,-1174.650,-60196.114,2,0
$TIME,2024,3,26,23,54,15.873812
$CH,52.500,L1CD,2,5150,43.1,8.873429981,-1175.526,-60313.620,2,0
$TIME,2024,3,26,23,54,15.877811
$CH,52.600,L1CD,2,5160,43.1,8.873509526,-1175.075,-60431.135,2,0
$TIME,2024,3,26,23,54,15.884829
$CH,52.700,L1CD,2,5170,43.1,8.873623418,-1174.759,-60548.643,2,0
$TIME,2024,3,26,23,54,15.889813
$CH,52.800,L1CD,2,5180,43.1,8.873659714,-1175.450,-60666.166,2,0
$TIME,2024,3,26,23,54,15.894912
$CH,52.900,L1CD,2,5190,43.1,8.873723919,-1174.934,-60783.691,2,0
$TIME,2024,3,26,23,54,15.899857
$CH,53.000,L1CD,2,5200,43.8,8.873829074,-1175.583,-60901.210,2,0
$TIME,2024,3,26,23,54,15.904812
$CH,53.100,L1CD,2,5210,43.8,8.873893497,-1175.619,-61018.745,2,0
$TIME,2024,3,26,23,54,15.909815
$CH,53.200,L1CD,2,5220,43.8,8.873945000,-1175.030,-61136.266,2,0
$TIME,2024,3,26,23,54,15.914858
$CH,53.300,L1CD,2,5230,43.8,8.874035079,-1175.448,-61253.765,2,0
$TIME,2024,3,26,23,54,15.919815
$CH,53.400,L1CD,2,5240,43.8,8.874133010,-1175.511,-61371.280,2,0
$TIME,2024,3,26,23,54,15.924814
$CH,53.500,L1CD,2,5250,43.8,8.874175208,-1175.211,-61488.817,2,0
$TIME,2024,3,26,23,54,15.929813
$CH,53.600,L1CD,2,5260,43.8,8.874251725,-1175.197,-61606.353,2,0
$TIME,2024,3,26,23,54,15.934855
$CH,53.700,L1CD,2,5270,43.8,8.874363310,-1175.528,-61723.887,2,0
$TIME,2024,3,26,23,54,15.939854
$CH,53.800,L1CD,2,5280,43.8,8.874404204,-1174.657,-61841.420,2,0
$TIME,2024,3,26,23,54,15.945856
$CH,53.900,L1CD,2,5290,43.8,8.874467358,-1175.533,-61958.944,2,0
$TIME,2024,3,26,23,54,15.950433
$CH,54.000,L1CD,2,5300,43.5,8.874567026,-1175.512,-62076.494,2,0
$TIME,2024,3,26,23,54,15.956432
$CH,54.100,L1CD,2,5310,43.5,8.874641498,-1175.587,-62194.024,2,0
$TIME,2024,3,26,23,54,15.960433
$CH,54.200,L1CD,2,5320,43.5,8.874693358,-1175.337,-62311.563,2,0
$TIME,2024,3,26,23,54,15.965432
$CH,54.300,L1CD,2,5330,43.5,8.874783726,-1174.945,-62429.100,2,0
$TIME,2024,3,26,23,54,15.971452
$CH,54.400,L1CD,2,5340,43.5,8.874879508,-1175.287,-62546.644,2,0
$TIME,2024,3,26,23,54,15.976452
$CH,54.500,L1CD,2,5350,43.5,8.874921135,-1175.420,-62664.183,2,0
$TIME,2024,3,26,23,54,15.980450
$CH,54.600,L1CD,2,5360,43.5,8.874998768,-1175.889,-62781.726,2,0
$TIME,2024,3,26,23,54,15.985434
$CH,54.700,L1CD,2,5370,43.5,8.875110476,-1175.179,-62899.278,2,0
$TIME,2024,3,26,23,54,15.990449
$CH,54.800,L1CD,2,5380,43.5,8.875150960,-1175.127,-63016.811,2,0
$TIME,2024,3,26,23,54,15.995435
$CH,54.900,L1CD,2,5390,43.5,8.875212953,-1175.753,-63134.355,2,0
$TIME,2024,3,26,23,54,16.000434
$CH,55.000,L1CD,2,5400,42.8,8.875315068,-1175.570,-63251.903,2,0
$TIME,2024,3,26,23,54,16.006487
$CH,55.100,L1CD,2,5410,42.8,8.875389929,-1175.565,-63369.452,2,0
$TIME,2024,3,26,23,54,16.011540
$CH,55.200,L1CD,2,5420,42.8,8.875435445,-1175.659,-63487.003,2,0
$TIME,2024,3,26,23,54,16.016434
$CH,55.300,L1CD,2,5430,42.8,8.875524162,-1175.127,-63604.569,2,0
$TIME,2024,3,26,23,54,16.022433
$CH,55.400,L1CD,2,5440,42.8,8.875631912,-1175.540,-63722.131,2,0
$TIME,2024,3,26,23,54,16.027433
$CH,55.500,L1CD,2,5450,42.8,8.875671533,-1175.599,-63839.691,2,0
$TIME,2024,3,26,23,54,16.032439
$CH,55.600,L1CD,2,5460,42.8,8.875745056,-1175.137,-63957.254,2,0
$TIME,2024,3,26,23,54,16.037440
$CH,55.700,L1CD,2,5470,42.8,8.875855206,-1175.408,-64074.816,2,0
$TIME,2024,3,26,23,54,16.041456
$CH,55.800,L1CD,2,5480,42.8,8.875906010,-1175.269,-64192.369,2,0
$TIME,2024,3,26,23,54,16.045439
$CH,55.900,L1CD,2,5490,42.8,8.875966001,-1175.962,-64309.924,2,0
$TIME,2024,3,26,23,54,16.050998
$CH,56.000,L1CD,2,5500,43.3,8.876063656,-1175.743,-64427.490,2,0
$TIME,2024,3,26,23,54,16.055979
$CH,56.100,L1CD,2,5510,43.3,8.876139620,-1175.937,-64545.057,2,0
$TIME,2024,3,26,23,54,16.060978
$CH,56.200,L1CD,2,5520,43.3,8.876188937,-1175.837,-64662.630,2,0
$TIME,2024,3,26,23,54,16.065980
$CH,56.300,L1CD,2,5530,43.3,8.876275246,-1176.112,-64780.203,2,0
$TIME,2024,3,26,23,54,16.069999
$CH,56.400,L1CD,2,5540,43.3,8.876375134,-1175.682,-64897.786,2,0
$TIME,2024,3,26,23,54,16.075530
$CH,56.500,L1CD,2,5550,43.3,8.876413793,-1175.785,-65015.357,2,0
$TIME,2024,3,26,23,54,16.080558
$CH,56.600,L1CD,2,5560,43.3,8.876487202,-1175.533,-65132.928,2,0
$TIME,2024,3,26,23,54,16.085555
$CH,56.700,L1CD,2,5570,43.3,8.876596088,-1175.712,-65250.496,2,0
$TIME,2024,3,26,23,54,16.091068
$CH,56.800,L1CD,2,5580,43.3,8.876647285,-1175.043,-65368.068,2,0
$TIME,2024,3,26,23,54,16.096065
$CH,56.900,L1CD,2,5590,43.3,8.876704277,-1176.175,-65485.641,2,0
$TIME,2024,3,26,23,54,16.100068
$CH,57.000,L1CD,2,5600,43.4,8.876801917,-1176.028,-65603.228,2,0
$TIME,2024,3,26,23,54,16.106066
$CH,57.100,L1CD,2,5610,43.4,8.876885227,-1176.041,-65720.824,2,0
$TIME,2024,3,26,23,54,16.111067
$CH,57.200,L1CD,2,5620,43.4,8.876931191,-1175.838,-65838.412,2,0
$TIME,2024,3,26,23,54,16.116068
$CH,57.300,L1CD,2,5630,43.4,8.877015850,-1175.564,-65955.974,2,0
$TIME,2024,3,26,23,54,16.121083
$CH,57.400,L1CD,2,5640,43.4,8.877127831,-1176.231,-66073.561,2,0
$TIME,2024,3,26,23,54,16.126068
$CH,57.500,L1CD,2,5650,43.4,8.877165908,-1175.711,-66191.152,2,0
$TIME,2024,3,26,23,54,16.131067
$CH,57.600,L1CD,2,5660,43.4,8.877233911,-1175.696,-66308.738,2,0
$TIME,2024,3,26,23,54,16.136071
$CH,57.700,L1CD,2,5670,43.4,8.877339065,-1176.038,-66426.335,2,0
$TIME,2024,3,26,23,54,16.141073
$CH,57.800,L1CD,2,5680,43.4,8.877394361,-1175.929,-66543.912,2,0
$TIME,2024,3,26,23,54,16.147072
$CH,57.900,L1CD,2,5690,43.4,8.877450043,-1176.221,-66661.497,2,0
$TIME,2024,3,26,23,54,16.152613
$CH,58.000,L1CD,2,5700,43.1,8.877546295,-1176.118,-66779.115,2,0
$TIME,2024,3,26,23,54,16.157635
$CH,58.100,L1CD,2,5710,43.1,8.877637539,-1176.864,-66896.728,2,0
$TIME,2024,3,26,23,54,16.163614
$CH,58.200,L1CD,2,5720,43.1,8.877679925,-1175.981,-67014.343,2,0
$TIME,2024,3,26,23,54,16.168924
$CH,58.300,L1CD,2,5730,43.1,8.877762830,-1176.339,-67131.933,2,0
$TIME,2024,3,26,23,54,16.173931
$CH,58.400,L1CD,2,5740,43.1,8.877876454,-1175.445,-67249.531,2,0
$TIME,2024,3,26,23,54,16.178931
$CH,58.500,L1CD,2,5750,43.1,8.877914185,-1175.740,-67367.129,2,0
$TIME,2024,3,26,23,54,16.183930
$CH,58.600,L1CD,2,5760,43.1,8.877983347,-1175.847,-67484.722,2,0
$TIME,2024,3,26,23,54,16.187931
$CH,58.700,L1CD,2,5770,43.1,8.878088732,-1176.042,-67602.335,2,0
$TIME,2024,3,26,23,54,16.192934
$CH,58.800,L1CD,2,5780,43.1,8.878145971,-1176.261,-67719.950,2,0
$TIME,2024,3,26,23,54,16.197946
$CH,58.900,L1CD,2,5790,43.1,8.878199658,-1175.939,-67837.561,2,0
$TIME,2024,3,26,23,54,16.202931
$CH,59.000,L1CD,2,5800,43.6,8.878292865,-1176.155,-67955.185,2,0
$TIME,2024,3,26,23,54,16.207932
$CH,59.100,L1CD,2,5810,43.6,8.878383437,-1175.844,-68072.804,2,0
$TIME,2024,3,26,23,54,16.212930
$CH,59.200,L1CD,2,5820,43.6,8.878424183,-1175.985,-68190.420,2,0
$TIME,2024,3,26,23,54,16.216956
$CH,59.300,L1CD,2,5830,43.6,8.878503732,-1176.399,-68308.032,2,0
$TIME,2024,3,26,23,54,16.222930
$CH,59.400,L1CD,2,5840,43.6,8.878614776,-1175.857,-68425.654,2,0
$TIME,2024,3,26,23,54,16.227930
$CH,59.500,L1CD,2,5850,43.6,8.878656830,-1176.263,-68543.265,2,0
$TIME,2024,3,26,23,54,16.232978
$CH,59.600,L1CD,2,5860,43.6,8.878720098,-1176.239,-68660.887,2,0
$TIME,2024,3,26,23,54,16.237960
$CH,59.700,L1CD,2,5870,43.6,8.878826415,-1176.048,-68778.510,2,0
$TIME,2024,3,26,23,54,16.243978
$CH,59.800,L1CD,2,5880,43.6,8.878891777,-1176.417,-68896.122,2,0
$TIME,2024,3,26,23,54,16.248472
$CH,59.900,L1CD,2,5890,43.6,8.878945867,-1176.265,-69013.762,2,0
$TIME,2024,3,26,23,54,16.253471
$CH,60.000,L1CD,2,5900,43.2,8.879037234,-1176.422,-69131.405,2,0
$TIME,2024,3,26,23,54,16.259578
$CH,60.100,L1CD,2,5910,43.2,8.879134707,-1176.134,-69249.033,2,0
$TIME,2024,3,26,23,54,16.264586
$CH,60.200,L1CD,2,5920,43.2,8.879175190,-1175.894,-69366.662,2,0
$TIME,2024,3,26,23,54,16.269586
$CH,60.300,L1CD,2,5930,43.2,8.879253005,-1176.734,-69484.282,2,0
$TIME,2024,3,26,23,54,16.274587
$CH,60.400,L1CD,2,5940,43.2,8.879364469,-1176.789,-69601.925,2,0
$TIME,2024,3,26,23,54,16.278601
$CH,60.500,L1CD,2,5950,43.2,8.879406871,-1176.285,-69719.564,2,0
$TIME,2024,3,26,23,54,16.284584
$CH,60.600,L1CD,2,5960,43.2,8.879472793,-1176.347,-69837.201,2,0
$TIME,2024,3,26,23,54,16.289604
$CH,60.700,L1CD,2,5970,43.2,8.879577444,-1176.338,-69954.835,2,0
$TIME,2024,3,26,23,54,16.294584
$CH,60.800,L1CD,2,5980,43.2,8.879645169,-1176.778,-70072.468,2,0
$TIME,2024,3,26,23,54,16.299431
$CH,60.900,L1CD,2,5990,43.2,8.879694979,-1176.254,-70190.120,2,0
$TIME,2024,3,26,23,54,16.304440
$CH,61.000,L1CD,2,6000,43.5,8.879783811,-1176.164,-70307.783,2,0
$TIME,2024,3,26,23,54,16.309371
$CH,61.100,L1CD,2,6010,43.5,8.879882857,-1176.080,-70425.446,2,0
$TIME,2024,3,26,23,54,16.314379
$CH,61.200,L1CD,2,6020,43.5,8.879923093,-1176.239,-70543.082,2,0
$TIME,2024,3,26,23,54,16.320378
$CH,61.300,L1CD,2,6030,43.5,8.879996682,-1176.362,-70660.733,2,0
$TIME,2024,3,26,23,54,16.324376
$CH,61.400,L1CD,2,6040,43.5,8.880107762,-1176.200,-70778.382,2,0
$TIME,2024,3,26,23,54,16.329377
$CH,61.500,L1CD,2,6050,43.5,8.880150769,-1176.440,-70896.034,2,0
$TIME,2024,3,26,23,54,16.334431
$CH,61.600,L1CD,2,6060,43.5,8.880212537,-1176.423,-71013.668,2,0
$TIME,2024,3,26,23,54,16.339428
$CH,61.700,L1CD,2,6070,43.5,8.880313145,-1176.182,-71131.311,2,0
$TIME,2024,3,26,23,54,16.344412
$CH,61.800,L1CD,2,6080,43.5,8.880388824,-1176.652,-71248.955,2,0
$TIME,2024,3,26,23,54,16.349942
$CH,61.900,L1CD,2,6090,43.5,8.880437779,-1176.838,-71366.629,2,0
$TIME,2024,3,26,23,54,16.353945
$CH,62.000,L1CD,2,6100,43.7,8.880525037,-1176.652,-71484.301,2,0
$TIME,2024,3,26,23,54,16.358950
$CH,62.100,L1CD,2,6110,43.7,8.880630594,-1176.434,-71601.974,2,0
$TIME,2024,3,26,23,54,16.363970
$CH,62.200,L1CD,2,6120,43.7,8.880670632,-1176.730,-71719.644,2,0
$TIME,2024,3,26,23,54,16.368925
$CH,62.300,L1CD,2,6130,43.7,8.880746802,-1176.349,-71837.302,2,0
$TIME,2024,3,26,23,54,16.372925
$CH,62.400,L1CD,2,6140,43.7,8.880856059,-1176.496,-71954.957,2,0
$TIME,2024,3,26,23,54,16.378930
$CH,62.500,L1CD,2,6150,43.7,8.880905929,-1176.242,-72072.617,2,0
$TIME,2024,3,26,23,54,16.383926
$CH,62.600,L1CD,2,6160,43.7,8.880967481,-1176.803,-72190.284,2,0
$TIME,2024,3,26,23,54,16.388925
$CH,62.700,L1CD,2,6170,43.7,8.881068457,-1176.795,-72307.959,2,0
$TIME,2024,3,26,23,54,16.393925
$CH,62.800,L1CD,2,6180,43.7,8.881143612,-1176.724,-72425.631,2,0
$TIME,2024,3,26,23,54,16.398954
$CH,62.900,L1CD,2,6190,43.7,8.881190024,-1176.993,-72543.298,2,0
$TIME,2024,3,26,23,54,16.402926
$CH,63.000,L1CD,2,6200,43.8,8.881275456,-1176.942,-72660.979,2,0
$TIME,2024,3,26,23,54,16.408019
$CH,63.100,L1CD,2,6210,43.8,8.881380651,-1176.779,-72778.656,2,0
$TIME,2024,3,26,23,54,16.413927
$CH,63.200,L1CD,2,6220,43.8,8.881418023,-1177.157,-72896.344,2,0
$TIME,2024,3,26,23,54,16.418926
$CH,63.300,L1CD,2,6230,43.8,8.881489752,-1176.820,-73014.022,2,0
$TIME,2024,3,26,23,54,16.424926
$CH,63.400,L1CD,2,6240,43.8,8.881600448,-1176.974,-73131.706,2,0
$TIME,2024,3,26,23,54,16.432933
$CH,63.500,L1CD,2,6250,43.8,8.881651922,-1176.581,-73249.398,2,0
$TIME,2024,3,26,23,54,16.441932
$CH,63.600,L1CD,2,6260,43.8,8.881710586,-1176.544,-73367.068,2,0
$TIME,2024,3,26,23,54,16.446951
$CH,63.700,L1CD,2,6270,43.8,8.881809229,-1176.456,-73484.745,2,0
$TIME,2024,3,26,23,54,16.453498
$CH,63.800,L1CD,2,6280,43.8,8.881890515,-1176.651,-73602.423,2,0
$TIME,2024,3,26,23,54,16.458539
$CH,63.900,L1CD,2,6290,43.8,8.881938075,-1177.036,-73720.105,2,0
$TIME,2024,3,26,23,54,16.464514
$CH,64.000,L1CD,2,6300,43.7,8.882022019,-1176.844,-73837.803,2,0
$TIME,2024,3,26,23,54,16.470498
$CH,64.100,L1CD,2,6310,43.7,8.882128946,-1176.931,-73955.492,2,0
$TIME,2024,3,26,23,54,16.476497
$CH,64.200,L1CD,2,6320,43.7,8.882164612,-1177.749,-74073.197,2,0
$TIME,2024,3,26,23,54,16.486497
$CH,64.300,L1CD,2,6330,43.7,8.882235037,-1176.567,-74190.892,2,0
$TIME,2024,3,26,23,54,16.537517
$CH,64.400,L1CD,2,6340,43.7,8.882342435,-1176.720,-74308.585,2,0
$TIME,2024,3,26,23,54,16.543517
$CH,64.500,L1CD,2,6350,43.7,8.882399549,-1176.982,-74426.288,2,0
$TIME,2024,3,26,23,54,16.781676
$CH,64.600,L1CD,2,6360,43.7,8.882457140,-1177.009,-74543.984,2,0
$TIME,2024,3,26,23,54,16.790675
$CH,64.700,L1CD,2,6370,43.7,8.882555611,-1177.203,-74661.677,2,0
$TIME,2024,3,26,23,54,16.801675
$CH,64.800,L1CD,2,6380,43.7,8.882638153,-1176.972,-74779.373,2,0
$TIME,2024,3,26,23,54,16.807677
$CH,64.900,L1CD,2,6390,43.7,8.882682654,-1176.983,-74897.088,2,0
$TIME,2024,3,26,23,54,16.814675
$CH,65.000,L1CD,2,6400,43.8,8.882764912,-1177.201,-75014.803,2,0
$TIME,2024,3,26,23,54,16.820674
$CH,65.100,L1CD,2,6410,43.8,8.882878959,-1177.404,-75132.523,2,0
$TIME,2024,3,26,23,54,16.826674
$CH,65.200,L1CD,2,6420,43.8,8.882913965,-1177.094,-75250.226,2,0
$TIME,2024,3,26,23,54,16.832681
$CH,65.300,L1CD,2,6430,43.8,8.882986324,-1177.371,-75367.921,2,0
$TIME,2024,3,26,23,54,16.838707
$CH,65.400,L1CD,2,6440,43.8,8.883094437,-1177.215,-75485.641,2,0
$TIME,2024,3,26,23,54,16.847189
$CH,65.500,L1CD,2,6450,43.8,8.883144977,-1177.689,-75603.369,2,0
$TIME,2024,3,26,23,54,16.854198
$CH,65.600,L1CD,2,6460,43.8,8.883201584,-1177.632,-75721.090,2,0
$TIME,2024,3,26,23,54,16.862196
$CH,65.700,L1CD,2,6470,43.8,8.883295507,-1177.280,-75838.809,2,0
$TIME,2024,3,26,23,54,16.867196
$CH,65.800,L1CD,2,6480,43.8,8.883388047,-1177.133,-75956.522,2,0
$TIME,2024,3,26,23,54,16.875197
$CH,65.900,L1CD,2,6490,43.8,8.883432333,-1177.174,-76074.235,2,0
$TIME,2024,3,26,23,54,16.881195
$CH,66.000,L1CD,2,6500,43.4,8.883515387,-1176.989,-76191.937,2,0
$TIME,2024,3,26,23,54,16.887196
$CH,66.100,L1CD,2,6510,43.4,8.883621814,-1176.942,-76309.657,2,0
$LOG,6.951,,0,END FILE=C:\Users\Arya\Downloads\bt_driver\GPSL1C_Working.bin
